{
  "generated_by": {
    "program": "augur",
    "version": "26.2.0"
  },
  "models": {
    "Country": {
      "alphabet": [
        "",
        "Argentina",
        "Australia",
        "Austria",
        "Belgium",
        "Brazil",
        "British Virgin Islands",
        "Bulgaria",
        "Canada",
        "China",
        "Colombia",
        "Croatia",
        "Cyprus",
        "Czech Republic",
        "France",
        "Germany",
        "Greece",
        "Hungary",
        "India",
        "Israel",
        "Italy",
        "Kenya",
        "Kosovo",
        "Madagascar",
        "Mexico",
        "Morocco",
        "Namibia",
        "Netherlands",
        "Poland",
        "Romania",
        "Russia",
        "Senegal",
        "Serbia",
        "Slovakia",
        "Slovenia",
        "South Africa",
        "Spain",
        "Switzerland",
        "Turkey",
        "USA",
        "Uganda",
        "United Arab Emirates",
        "Zambia",
        "?"
      ],
      "equilibrium_probabilities": [
        0.01227183613361432,
        0.023176189252333584,
        0.02427792577689445,
        0.019843507956910953,
        0.024804324358277858,
        0.024367770819030604,
        0.02398096581105935,
        0.02426360612168583,
        0.017089400257460925,
        0.02401600183737248,
        0.024516222110981027,
        0.024360249231286782,
        0.023817059611443463,
        0.024567144514928224,
        0.023272982259630842,
        0.025855344666185023,
        0.026644178384111913,
        0.02098242087718654,
        0.023944507373365335,
        0.02435313765991449,
        0.021362844411305884,
        0.024438102646014002,
        0.024501241612712697,
        0.024489340897452215,
        0.021547830252284152,
        0.023592284526880003,
        0.024730641730389694,
        0.024791722439358715,
        0.02416001450543466,
        0.022784090697101432,
        0.02630661208782075,
        0.02096491426619194,
        0.02520587748244828,
        0.02420945333833507,
        0.024823238881240252,
        0.02444303967019943,
        0.022535445926338563,
        0.02151577265992364,
        0.02449874380460916,
        0.014795212858717672,
        0.02451616719592155,
        0.02441805647290325,
        0.024964576622743023
      ],
      "rate": 72.99460047221677,
      "transition_matrix": [
        [
          0.0,
          1.4404920081783037,
          0.9486998556730508,
          0.946954327727458,
          0.9650888063609975,
          1.2567031480188786,
          0.9475373678816362,
          0.947137507393599,
          1.264672776940588,
          0.9472801009265601,
          1.0302098979680017,
          0.9470282599166384,
          1.4798297324671943,
          0.9470249637435846,
          0.9470728293331991,
          0.9467293900714864,
          0.946297617165073,
          0.951690369575201,
          0.9475450540511278,
          0.9858150771873198,
          3.1341687851336464,
          0.9477177979393254,
          0.9471253273669353,
          0.9514070531005555,
          1.0122566458546893,
          0.947138445511521,
          1.0200786440042788,
          0.9470804107605493,
          0.947026320873524,
          0.9474482856317905,
          0.9489528236954061,
          0.9684582384829656,
          0.9468982863682952,
          0.9470551307906747,
          0.9470161634540079,
          0.9737595198823289,
          1.7870604848912586,
          0.947149576867119,
          0.9476330080071842,
          21.248032024253014,
          0.9473128160359405,
          0.9477571801008219,
          0.9477463946972242
        ],
        [
          1.4404920081783037,
          0.0,
          0.9504357415241629,
          0.9479043991965745,
          1.1258806270159858,
          0.948768678172916,
          0.9487064652209232,
          0.9488334246828662,
          0.9488097796039943,
          0.9488477114498175,
          1.34728342694889,
          0.9486543609492333,
          0.9534409183969837,
          0.9486950791775637,
          0.9485565746566076,
          0.9465815030197359,
          0.9474315358411055,
          0.9490171572817324,
          0.9490602531861853,
          1.2929301371851596,
          0.9459215129926618,
          0.9496602584238825,
          0.9488353418356275,
          0.950866184727187,
          0.948495085851237,
          0.9486328819745458,
          0.9543880922968931,
          0.9485979190141252,
          0.9486219641651733,
          0.9489646717653638,
          0.9486904650693223,
          0.9584341023081057,
          0.9483599233793959,
          0.9486555923872977,
          0.9486815370779862,
          0.9575068968745958,
          0.9485219277822377,
          0.9484340001234013,
          0.9495419010886169,
          1.3485918079298513,
          0.9487982528807286,
          0.9497086625094945,
          0.9496072084910155
        ],
        [
          0.9486998556730508,
          0.9504357415241629,
          0.0,
          0.9492810975196748,
          0.950496883346056,
          0.9502455885876631,
          0.9502032466636201,
          0.9504134897200237,
          0.9494000999332487,
          0.9512674750844196,
          0.9502610487262463,
          0.9502345895905029,
          0.9560586943925531,
          0.9502613085505052,
          0.950410114624823,
          0.9481922844206108,
          0.9491372923208339,
          0.9526349264804749,
          0.9526516468513667,
          0.9508625853649079,
          0.948523654142101,
          0.9516967140499264,
          0.9504275417621146,
          0.9529888175941683,
          0.9497423856699171,
          0.9505208354019928,
          0.9568376338061197,
          0.9502008200382843,
          0.9501972228055683,
          0.9509311808313038,
          0.9575658083546698,
          1.457610455303751,
          0.9501094303833661,
          0.9502507926319261,
          0.9502825197266415,
          0.962195111381789,
          0.9517497542651507,
          0.9498679939214739,
          0.9515364988489444,
          0.951844926910417,
          0.9504574036054858,
          0.951779992167195,
          0.9516297168915623
        ],
        [
          0.946954327727458,
          0.9479043991965745,
          0.9492810975196748,
          0.0,
          0.9478562096453542,
          0.9476346870955954,
          0.9476350892602052,
          0.9479141152317627,
          0.9472743535919321,
          0.9478126296354868,
          0.9476227664064573,
          0.9476796602890492,
          0.95188602092597,
          2.4181394774569687,
          0.9475836086236268,
          4.557692042360088,
          0.9479463284792464,
          2.9631979373487156,
          0.9480111595729714,
          0.9478395690123214,
          1.4202149582046826,
          0.9485282196156074,
          0.9479468765255331,
          0.9497539538120804,
          0.9473553524092571,
          0.9476373348768402,
          0.9526198188524987,
          1.4056632820539596,
          0.947796418551186,
          0.948139450231028,
          0.9479717437888457,
          0.9570789023537914,
          1.2820518772916405,
          2.0005282130464535,
          1.3399709152282278,
          0.9559558785245909,
          0.9478218268649812,
          0.9475485075789609,
          0.9484214277766285,
          0.9461279257871839,
          0.9477498081605309,
          0.9485741500193315,
          0.9484638454042043
        ],
        [
          0.9650888063609975,
          1.1258806270159858,
          0.950496883346056,
          0.9478562096453542,
          0.0,
          0.9485990612535367,
          0.9485932456822809,
          0.9487801368480602,
          0.9482596762260671,
          0.9487774015889385,
          0.9489502605479273,
          0.9485676623844079,
          0.9536057929559789,
          0.9486252212536099,
          0.948469104211849,
          0.9463548412037074,
          0.9474853729431011,
          1.4225310600320134,
          0.949004693124701,
          1.3230574256097642,
          0.9455187402041847,
          0.9496585925502723,
          0.9487967364944115,
          0.9509714323979898,
          0.9482548625437379,
          0.9485482273726524,
          0.95442499878751,
          0.9485624715846026,
          0.9485565055199652,
          0.9489485827056432,
          0.9486786596503284,
          0.9591044714596146,
          0.9483885960190415,
          0.9486124667884629,
          0.948609070422142,
          0.9580617994784193,
          0.9483905264652017,
          0.948348404136831,
          0.9495307053372075,
          0.9851043343306238,
          0.9487238061034257,
          0.9497116157478155,
          0.9495987121542404
        ],
        [
          1.2567031480188786,
          0.948768678172916,
          0.9502455885876631,
          0.9476346870955954,
          0.9485990612535367,
          0.0,
          0.9483864745643846,
          0.9485562796516119,
          0.9479903441240072,
          0.9485712226076173,
          0.9483912827612393,
          0.9483646069000342,
          0.953395763975963,
          0.9484059418341106,
          0.9482771988290299,
          0.9461681531191356,
          0.9470531067876771,
          0.9486166539378975,
          0.9487924684420966,
          0.9486430624629095,
          0.9459596283063955,
          0.9494308260988286,
          0.9485553030449783,
          0.9506863785364369,
          1.3326566549929502,
          0.9483509733005264,
          0.954296754855583,
          0.9483679721889268,
          0.9483338729326121,
          0.9487131529244573,
          0.9483667833368631,
          0.9585501186406702,
          0.9480420198949913,
          0.948368081053182,
          0.9483872587093172,
          0.9576421784083337,
          1.2866859773314592,
          0.9481698191299136,
          0.9493051131110665,
          1.0486783497160548,
          0.9485166828054344,
          0.9494826149541647,
          0.949368373600233
        ],
        [
          0.9475373678816362,
          0.9487064652209232,
          0.9502032466636201,
          0.9476350892602052,
          0.9485932456822809,
          0.9483864745643846,
          0.0,
          0.9485458913914964,
          1.1712833670113474,
          0.9485623316666781,
          0.9483755829361745,
          0.9483583869059924,
          0.9531445002312015,
          0.9483998534188144,
          0.9482719302269405,
          0.9461966518371929,
          0.9470672335224078,
          0.9485896996808414,
          0.9487817771211338,
          0.948638395279345,
          0.9453833823388418,
          0.9494025309839981,
          0.9485449755286672,
          0.9506035997365806,
          0.9480106438812689,
          0.9483445447703438,
          0.9539237062035121,
          0.948295282453015,
          0.9483281409267283,
          0.9486973520211048,
          0.9483540588725814,
          0.9582746714159982,
          0.9480394587440317,
          0.9483608768940506,
          0.9483805275879265,
          0.9573035734416633,
          0.9481243494229471,
          0.9481636876933234,
          0.9492791576942236,
          1.2356737869342018,
          0.9485065343702554,
          0.9494531021793478,
          0.9493409253158388
        ],
        [
          0.947137507393599,
          0.9488334246828662,
          0.9504134897200237,
          0.9479141152317627,
          0.9487801368480602,
          0.9485562796516119,
          0.9485458913914964,
          0.0,
          0.947827917897103,
          0.9487446650906168,
          0.9485518512147356,
          0.9485580750033318,
          0.9534559113749467,
          0.9485945798986914,
          0.948445662585111,
          0.9464297325435695,
          1.6904996420725926,
          1.1796737489048101,
          0.9489644492944621,
          0.9487962101713475,
          0.9455248356408098,
          0.9496302444167537,
          1.0938694915313825,
          0.9508541138708577,
          0.9481068920340342,
          0.9485218181508038,
          0.9542196833600373,
          0.9485162511437882,
          0.9486720055668075,
          1.0597065906596073,
          0.9486764313934051,
          0.9585817173079001,
          1.2118365349433287,
          0.9485891361006613,
          0.9486588629271578,
          0.9577194423448856,
          0.9483251164955645,
          0.9483281269130791,
          0.9495024586622367,
          0.9457556729758683,
          0.948693297784406,
          0.9496839258469232,
          0.9495654503352692
        ],
        [
          1.264672776940588,
          0.9488097796039943,
          0.9494000999332487,
          0.9472743535919321,
          0.9482596762260671,
          0.9479903441240072,
          1.1712833670113474,
          0.947827917897103,
          0.0,
          0.9479150547862535,
          0.9479268744713075,
          0.9476872930659113,
          0.9514767595209049,
          0.9477125140759092,
          0.9476514312571415,
          0.946118516080264,
          0.9467280390980524,
          0.950108064339848,
          0.9481647327500596,
          0.9484966111196204,
          0.9456733451866555,
          0.9484553545271471,
          0.9478224787402498,
          0.9495135147719223,
          0.947930773646294,
          0.9476967687179649,
          0.9526870158318957,
          0.9476362717913653,
          0.9476715450248611,
          0.947979289443326,
          0.9481742286874919,
          0.9597741540617898,
          0.947447070726363,
          0.9476948871016696,
          0.9476935614477779,
          0.9549977299608648,
          0.9476938125778398,
          0.9476107414620952,
          0.9483645556532676,
          10.469858991255895,
          0.9477997307388164,
          0.948493598268202,
          0.9484024720892815
        ],
        [
          0.9472801009265601,
          0.9488477114498175,
          0.9512674750844196,
          0.9478126296354868,
          0.9487774015889385,
          0.9485712226076173,
          0.9485623316666781,
          0.9487446650906168,
          0.9479150547862535,
          0.0,
          0.948565328498919,
          0.9485574050858429,
          0.9535697857736845,
          0.9485966388112259,
          0.9485376003620474,
          0.9464113609533839,
          0.9472927914638257,
          0.9493669237535988,
          1.0177085990345416,
          0.9488885191357815,
          0.9458535643522873,
          0.9497263519679485,
          0.9487452614374791,
          0.9509309544311164,
          0.9481464814547117,
          0.9486155574594536,
          0.9542625495164053,
          0.9484978256151482,
          0.9485276319422321,
          0.9493139481287206,
          1.3939594453764925,
          1.0105701697874803,
          0.94826957124682,
          0.9485629738461007,
          0.9485812790913387,
          0.9580261703208788,
          0.9485786567666068,
          0.9483446199747233,
          0.9495899597673709,
          0.9470664142133438,
          0.9487058907787962,
          0.9497868090349689,
          0.9496426464342879
        ],
        [
          1.0302098979680017,
          1.34728342694889,
          0.9502610487262463,
          0.9476227664064573,
          0.9489502605479273,
          0.9483912827612393,
          0.9483755829361745,
          0.9485518512147356,
          0.9479268744713075,
          0.948565328498919,
          0.0,
          0.9483568334657121,
          0.953341295139596,
          0.9483992216741496,
          0.9482691400368307,
          0.9461467483601261,
          0.9470397631443621,
          0.9484982617046397,
          0.9487875528494687,
          0.94945838428473,
          0.9453961815443237,
          0.9494386944864046,
          0.948550962866886,
          0.9506782738169753,
          0.9480042405968624,
          0.9483433835840476,
          0.954117473664197,
          0.948293951541564,
          0.9483265628986294,
          0.9487101398639494,
          0.9483550221822139,
          0.9584485382934892,
          0.9480314315392577,
          0.9483607885557473,
          0.9483797327461447,
          0.9576124802850077,
          0.9481547480123352,
          0.9481605626832389,
          0.9493116730297759,
          0.995011594942158,
          0.9485119942568824,
          0.9494914675137471,
          0.9493758108702023
        ],
        [
          0.9470282599166384,
          0.9486543609492333,
          0.9502345895905029,
          0.9476796602890492,
          0.9485676623844079,
          0.9483646069000342,
          0.9483583869059924,
          0.9485580750033318,
          0.9476872930659113,
          0.9485574050858429,
          0.9483568334657121,
          0.0,
          0.9532672953199985,
          0.9484065755539922,
          0.9482625353963262,
          0.946165455502577,
          0.9470939028593458,
          1.4223532829313623,
          0.948780144888574,
          0.9486040567177211,
          0.9453354340285552,
          0.9494163616705024,
          0.9485724677383834,
          0.9507000943251025,
          0.9479326248481642,
          0.948336160852908,
          0.9540709250459616,
          0.948341424457869,
          0.9483408068396028,
          0.948731314351115,
          0.9484366137899006,
          0.9585169801877219,
          0.9480381514976818,
          0.9483837558599494,
          0.9483862576620782,
          0.9576337417409012,
          0.9481689747743445,
          0.9481531724161629,
          0.9492905867659661,
          0.9457062997119263,
          0.9485022375283683,
          0.9494681757247024,
          0.9493537839547138
        ],
        [
          1.4798297324671943,
          0.9534409183969837,
          0.9560586943925531,
          0.95188602092597,
          0.9536057929559789,
          0.953395763975963,
          0.9531445002312015,
          0.9534559113749467,
          0.9514767595209049,
          0.9535697857736845,
          0.953341295139596,
          0.9532672953199985,
          0.0,
          0.9532894001237349,
          0.9531374347093855,
          0.9514674252719869,
          0.9525345377335868,
          0.9551252168153257,
          0.9538624329229916,
          0.9539461536430793,
          0.9555877115893197,
          1.0175400901397373,
          0.9534699299219329,
          0.9699341714320434,
          0.9523839022544813,
          0.9536149195284751,
          1.2160321687180098,
          0.9532798874732494,
          0.9532073610307062,
          0.9993845584992999,
          0.9894138749555788,
          1.2588298849678503,
          0.9533660694890773,
          0.95328960634044,
          0.9533658791320959,
          1.0521810462262149,
          0.9535462382775475,
          0.9526146894041035,
          0.9989568406299868,
          0.9524919399083416,
          0.9542570965612148,
          1.0209570637405954,
          0.9948689981660397
        ],
        [
          0.9470249637435846,
          0.9486950791775637,
          0.9502613085505052,
          2.4181394774569687,
          0.9486252212536099,
          0.9484059418341106,
          0.9483998534188144,
          0.9485945798986914,
          0.9477125140759092,
          0.9485966388112259,
          0.9483992216741496,
          0.9484065755539922,
          0.9532894001237349,
          0.0,
          0.9483022504600028,
          1.5899387320749114,
          0.9471535634445293,
          1.0017215821380385,
          0.9488169412472883,
          0.9486458445627305,
          0.9453963710043991,
          0.9494588763349623,
          0.948597181575364,
          0.9506971697191242,
          0.9479670770955874,
          0.9483768461610537,
          0.9540711131147802,
          0.9648791770531491,
          0.9483907508515494,
          0.9487630012289985,
          0.9483875638680934,
          0.9583490378152649,
          0.9492911044992436,
          0.9521252969987246,
          0.9915776595565853,
          0.9575680020263718,
          0.9481848335277008,
          0.9481904331991271,
          0.9493326811606305,
          0.945593029242953,
          0.9485429355871416,
          0.9495104858980321,
          0.9493960574775048
        ],
        [
          0.9470728293331991,
          0.9485565746566076,
          0.950410114624823,
          0.9475836086236268,
          0.948469104211849,
          0.9482771988290299,
          0.9482719302269405,
          0.948445662585111,
          0.9476514312571415,
          0.9485376003620474,
          0.9482691400368307,
          0.9482625353963262,
          0.9531374347093855,
          0.9483022504600028,
          0.0,
          0.9461665533386999,
          0.947004312472001,
          0.9485566528063827,
          0.9488222626275916,
          0.948518662072128,
          1.893418872675234,
          0.9495556706688945,
          0.9484440436605318,
          0.9504691140664969,
          0.9478725445832131,
          0.9498068809250197,
          0.9537140164534246,
          0.9482008328454073,
          0.948234284571262,
          0.9487047994367912,
          0.9485529773076209,
          1.4381196142192783,
          0.947951688931058,
          0.9482660028792569,
          0.9482824963566178,
          0.9571066063644729,
          0.9487358454332312,
          0.9481039594734946,
          0.949415657928732,
          0.9458126116295501,
          0.9484089878027844,
          0.9496282250029753,
          0.9494422944101433
        ],
        [
          0.9467293900714864,
          0.9465815030197359,
          0.9481922844206108,
          4.557692042360088,
          0.9463548412037074,
          0.9461681531191356,
          0.9461966518371929,
          0.9464297325435695,
          0.946118516080264,
          0.9464113609533839,
          0.9461467483601261,
          0.946165455502577,
          0.9514674252719869,
          1.5899387320749114,
          0.9461665533386999,
          0.0,
          0.9448218039197126,
          2.5634436543824695,
          0.9466621896675177,
          0.9464242736077951,
          1.4168833589932701,
          0.9472752768465996,
          0.9464624416562194,
          0.9487897242763339,
          0.9459699469909417,
          0.9462188706380263,
          0.9523206770153134,
          0.9691752831316588,
          0.9462373692845576,
          0.9468055347999507,
          0.946339448132101,
          0.9579476618460534,
          0.9469511564682772,
          1.7167517168688657,
          0.953348584339442,
          0.9564521828876463,
          0.946313375573694,
          0.946213277208581,
          0.9471367074149568,
          0.9446722933754653,
          0.946300957749598,
          0.9473321995723304,
          0.9471602103897466
        ],
        [
          0.946297617165073,
          0.9474315358411055,
          0.9491372923208339,
          0.9479463284792464,
          0.9474853729431011,
          0.9470531067876771,
          0.9470672335224078,
          1.6904996420725926,
          0.9467280390980524,
          0.9472927914638257,
          0.9470397631443621,
          0.9470939028593458,
          0.9525345377335868,
          0.9471535634445293,
          0.947004312472001,
          0.9448218039197126,
          0.0,
          3.1981264424029505,
          0.947550831235502,
          0.9473158526985003,
          0.9439686775473556,
          0.9482270825986142,
          1.478753640465997,
          0.9498100524780999,
          0.9467449392746099,
          0.9470671086751168,
          0.9534266941510428,
          0.9472278037523616,
          1.059819774174741,
          1.2082813264028898,
          0.9475546777399084,
          0.9594155392599285,
          1.1968007707478219,
          0.9473225774233378,
          0.9471874882024621,
          0.9578228119930914,
          0.9471644721683876,
          0.9469900655205251,
          0.9480824505688453,
          0.9452848397476946,
          0.94719452661387,
          0.9482875309665616,
          0.9481194880054973
        ],
        [
          0.951690369575201,
          0.9490171572817324,
          0.9526349264804749,
          2.9631979373487156,
          1.4225310600320134,
          0.9486166539378975,
          0.9485896996808414,
          1.1796737489048101,
          0.950108064339848,
          0.9493669237535988,
          0.9484982617046397,
          1.4223532829313623,
          0.9551252168153257,
          1.0017215821380385,
          0.9485566528063827,
          2.5634436543824695,
          3.1981264424029505,
          0.0,
          0.9504530355969331,
          0.949013657088754,
          1.4208719366366283,
          0.9496681045740656,
          1.146587368747904,
          0.9595271792356451,
          0.9488092420575218,
          0.9486311813228963,
          0.9698423676976822,
          1.2809484608363362,
          2.0073830252002294,
          1.5853351094642807,
          1.036093864852417,
          1.1375086393700975,
          5.061728223446983,
          1.8491512016614866,
          1.0022349367545131,
          1.429298652950521,
          1.2799830328868167,
          0.9483209686710343,
          0.9495305423690122,
          1.387469434188164,
          0.9489454551071108,
          0.9497350640195036,
          0.9497135380742259
        ],
        [
          0.9475450540511278,
          0.9490602531861853,
          0.9526516468513667,
          0.9480111595729714,
          0.949004693124701,
          0.9487924684420966,
          0.9487817771211338,
          0.9489644492944621,
          0.9481647327500596,
          1.0177085990345416,
          0.9487875528494687,
          0.948780144888574,
          0.9538624329229916,
          0.9488169412472883,
          0.9488222626275916,
          0.9466621896675177,
          0.947550831235502,
          0.9504530355969331,
          0.0,
          0.9491861536696813,
          0.9463516412753005,
          0.950022006892609,
          0.9489667130568772,
          0.9511463421281928,
          0.9483739936502139,
          0.9489051562247182,
          0.9544872144058539,
          0.9487238265339951,
          0.9487511112232235,
          0.9499009874783563,
          1.373564847156981,
          1.0810036962711984,
          0.9485293410983935,
          0.9487883877414482,
          0.9488054251626233,
          0.9583736312766697,
          0.9490649852189583,
          0.9485450083561857,
          0.9498785095269889,
          0.9491199771750136,
          0.9489258685640335,
          0.9500883246841771,
          0.9499265593526555
        ],
        [
          0.9858150771873198,
          1.2929301371851596,
          0.9508625853649079,
          0.9478395690123214,
          1.3230574256097642,
          0.9486430624629095,
          0.948638395279345,
          0.9487962101713475,
          0.9484966111196204,
          0.9488885191357815,
          0.94945838428473,
          0.9486040567177211,
          0.9539461536430793,
          0.9486458445627305,
          0.948518662072128,
          0.9464242736077951,
          0.9473158526985003,
          0.949013657088754,
          0.9491861536696813,
          0.0,
          0.9742718608666916,
          0.9500909978989264,
          0.9487972756892746,
          0.950921856630622,
          0.948355695808029,
          0.9510379549766375,
          0.9543385274023723,
          0.9485451385943161,
          0.9485712689711728,
          0.9494106361069448,
          0.9491834003281551,
          1.4049549988696,
          0.9482932923373063,
          0.9486075303866267,
          0.9486314236006755,
          0.9578878196197285,
          0.948457910667465,
          0.9483929619228767,
          0.9499044480004619,
          1.0333826470414935,
          0.9487590595574942,
          0.9501738972902003,
          0.9499291061910797
        ],
        [
          3.1341687851336464,
          0.9459215129926618,
          0.948523654142101,
          1.4202149582046826,
          0.9455187402041847,
          0.9459596283063955,
          0.9453833823388418,
          0.9455248356408098,
          0.9456733451866555,
          0.9458535643522873,
          0.9453961815443237,
          0.9453354340285552,
          0.9555877115893197,
          0.9453963710043991,
          1.893418872675234,
          1.4168833589932701,
          0.9439686775473556,
          1.4208719366366283,
          0.9463516412753005,
          0.9742718608666916,
          0.0,
          0.950124558849326,
          0.9455067190112111,
          0.9475924499925518,
          0.9453160489269933,
          1.4468463931942195,
          0.9517082482874439,
          0.9455751764535711,
          0.945348603670917,
          0.9517107189805845,
          0.9498934253431905,
          3.094940871955402,
          0.9449781191470025,
          0.9454331335093086,
          0.9453129841383674,
          0.9546589810585875,
          2.860370494263782,
          3.3221696387436874,
          0.949264442623684,
          0.9457801567844671,
          0.9454593518209168,
          0.9504304843128581,
          0.948872934473583
        ],
        [
          0.9477177979393254,
          0.9496602584238825,
          0.9516967140499264,
          0.9485282196156074,
          0.9496585925502723,
          0.9494308260988286,
          0.9494025309839981,
          0.9496302444167537,
          0.9484553545271471,
          0.9497263519679485,
          0.9494386944864046,
          0.9494163616705024,
          1.0175400901397373,
          0.9494588763349623,
          0.9495556706688945,
          0.9472752768465996,
          0.9482270825986142,
          0.9496681045740656,
          0.950022006892609,
          0.9500909978989264,
          0.950124558849326,
          0.0,
          0.949613844405434,
          0.9517804022775477,
          0.9488898745588628,
          0.949865762992005,
          0.9554144644701464,
          0.9493703136109838,
          0.9493744284246513,
          0.979570216723425,
          0.969195661483189,
          1.1581337315683105,
          0.9491383557343922,
          0.9494177329724737,
          0.9494595484819768,
          0.9592005058966405,
          0.9498938285698452,
          0.9491445085126886,
          1.0207903272909047,
          0.9464130732996368,
          0.9498362588762237,
          1.0513919245396608,
          1.3462405672588498
        ],
        [
          0.9471253273669353,
          0.9488353418356275,
          0.9504275417621146,
          0.9479468765255331,
          0.9487967364944115,
          0.9485553030449783,
          0.9485449755286672,
          1.0938694915313825,
          0.9478224787402498,
          0.9487452614374791,
          0.948550962866886,
          0.9485724677383834,
          0.9534699299219329,
          0.948597181575364,
          0.9484440436605318,
          0.9464624416562194,
          1.478753640465997,
          1.146587368747904,
          0.9489667130568772,
          0.9487972756892746,
          0.9455067190112111,
          0.949613844405434,
          0.0,
          0.9508683513900673,
          0.9481027020802963,
          0.9485205472973192,
          0.9542643179713404,
          0.9485215044735068,
          1.0112267650181115,
          0.9490424800025368,
          0.9485862603636342,
          0.9586170173533085,
          1.2758392947924764,
          0.9486149763464811,
          0.9486532952696622,
          0.9577994609441504,
          0.9483279849523533,
          0.9483262776353062,
          0.9494878175667808,
          0.9457270704551808,
          0.948693337472633,
          0.9496659404469329,
          0.9495541451649637
        ],
        [
          0.9514070531005555,
          0.950866184727187,
          0.9529888175941683,
          0.9497539538120804,
          0.9509714323979898,
          0.9506863785364369,
          0.9506035997365806,
          0.9508541138708577,
          0.9495135147719223,
          0.9509309544311164,
          0.9506782738169753,
          0.9507000943251025,
          0.9699341714320434,
          0.9506971697191242,
          0.9504691140664969,
          0.9487897242763339,
          0.9498100524780999,
          0.9595271792356451,
          0.9511463421281928,
          0.950921856630622,
          0.9475924499925518,
          0.9517804022775477,
          0.9508683513900673,
          0.0,
          0.9500403281683526,
          0.9505709519750349,
          0.9826648491976331,
          0.9506555611115217,
          0.9506983310551848,
          0.9515211836963885,
          0.973127889375956,
          0.9627574546882668,
          0.9509555885283926,
          0.9507578741489645,
          0.950717265629505,
          1.3660052196743313,
          0.9504105106606977,
          0.9502314676049309,
          0.9516477782237666,
          0.947875155689274,
          0.9515482431319732,
          0.9518357610216628,
          0.9521444994239746
        ],
        [
          1.0122566458546893,
          0.948495085851237,
          0.9497423856699171,
          0.9473553524092571,
          0.9482548625437379,
          1.3326566549929502,
          0.9480106438812689,
          0.9481068920340342,
          0.947930773646294,
          0.9481464814547117,
          0.9480042405968624,
          0.9479326248481642,
          0.9523839022544813,
          0.9479670770955874,
          0.9478725445832131,
          0.9459699469909417,
          0.9467449392746099,
          0.9488092420575218,
          0.9483739936502139,
          0.948355695808029,
          0.9453160489269933,
          0.9488898745588628,
          0.9481027020802963,
          0.9500403281683526,
          0.0,
          0.9479331796670168,
          0.9532517180607821,
          0.947872044659481,
          0.9479095327102286,
          0.9482711114604349,
          0.9480796369317278,
          0.9584704126356632,
          0.9476352590155653,
          0.9479389943313999,
          0.9479459981105296,
          0.9563398679531284,
          0.9478330542872033,
          0.9478021120151274,
          0.9487769403395111,
          3.461828234333541,
          0.9480699311686388,
          0.9489370778287888,
          0.9488276152136595
        ],
        [
          0.947138445511521,
          0.9486328819745458,
          0.9505208354019928,
          0.9476373348768402,
          0.9485482273726524,
          0.9483509733005264,
          0.9483445447703438,
          0.9485218181508038,
          0.9476967687179649,
          0.9486155574594536,
          0.9483433835840476,
          0.948336160852908,
          0.9536149195284751,
          0.9483768461610537,
          0.9498068809250197,
          0.9462188706380263,
          0.9470671086751168,
          0.9486311813228963,
          0.9489051562247182,
          0.9510379549766375,
          1.4468463931942195,
          0.949865762992005,
          0.9485205472973192,
          0.9505709519750349,
          0.9479331796670168,
          0.0,
          0.953857681412557,
          0.9482747291233863,
          0.9483069055787379,
          0.9493027609954554,
          0.9489895413147394,
          1.4239522121399164,
          0.9480235062077079,
          0.9483392734846224,
          0.9483576876864594,
          0.9572937716651952,
          0.948676966611927,
          0.9481823797186864,
          0.9496632239528295,
          0.9458306988024864,
          0.9484851805791708,
          0.9499514602000817,
          0.9496739607793696
        ],
        [
          1.0200786440042788,
          0.9543880922968931,
          0.9568376338061197,
          0.9526198188524987,
          0.95442499878751,
          0.954296754855583,
          0.9539237062035121,
          0.9542196833600373,
          0.9526870158318957,
          0.9542625495164053,
          0.954117473664197,
          0.9540709250459616,
          1.2160321687180098,
          0.9540711131147802,
          0.9537140164534246,
          0.9523206770153134,
          0.9534266941510428,
          0.9698423676976822,
          0.9544872144058539,
          0.9543385274023723,
          0.9517082482874439,
          0.9554144644701464,
          0.9542643179713404,
          0.9826648491976331,
          0.9532517180607821,
          0.953857681412557,
          0.0,
          0.9540858140517187,
          0.9540241699919897,
          0.9548022680045636,
          0.9688017267167731,
          0.9685082151949146,
          0.9544394079509135,
          0.9541228795807227,
          0.9541601907425231,
          1.5656066735931593,
          0.9541142342478578,
          0.9533085509195162,
          0.9552459979820459,
          0.9570341471238724,
          0.9554983369325512,
          0.955482993377749,
          0.9560358831668777
        ],
        [
          0.9470804107605493,
          0.9485979190141252,
          0.9502008200382843,
          1.4056632820539596,
          0.9485624715846026,
          0.9483679721889268,
          0.948295282453015,
          0.9485162511437882,
          0.9476362717913653,
          0.9484978256151482,
          0.948293951541564,
          0.948341424457869,
          0.9532798874732494,
          0.9648791770531491,
          0.9482008328454073,
          0.9691752831316588,
          0.9472278037523616,
          1.2809484608363362,
          0.9487238265339951,
          0.9485451385943161,
          0.9455751764535711,
          0.9493703136109838,
          0.9485215044735068,
          0.9506555611115217,
          0.947872044659481,
          0.9482747291233863,
          0.9540858140517187,
          0.0,
          0.9483591145780849,
          0.9487311409660509,
          0.9483475146770978,
          0.9588130596392335,
          0.9484425436052478,
          0.9484777290155411,
          0.9483479332848683,
          0.9577226537057865,
          1.3100362616475025,
          0.9480979099237354,
          0.9492422123464461,
          0.9456047791321776,
          0.9484395698036516,
          0.9494230777310503,
          0.9493045699411301
        ],
        [
          0.947026320873524,
          0.9486219641651733,
          0.9501972228055683,
          0.947796418551186,
          0.9485565055199652,
          0.9483338729326121,
          0.9483281409267283,
          0.9486720055668075,
          0.9476715450248611,
          0.9485276319422321,
          0.9483265628986294,
          0.9483408068396028,
          0.9532073610307062,
          0.9483907508515494,
          0.948234284571262,
          0.9462373692845576,
          1.059819774174741,
          2.0073830252002294,
          0.9487511112232235,
          0.9485712689711728,
          0.945348603670917,
          0.9493744284246513,
          1.0112267650181115,
          0.9506983310551848,
          0.9479095327102286,
          0.9483069055787379,
          0.9540241699919897,
          0.9483591145780849,
          0.0,
          0.9487904081744029,
          0.9485022449935124,
          0.9586866011171068,
          0.9494745744320133,
          0.9484128943398306,
          0.9483692970173255,
          0.9576680929552137,
          0.9481897260343498,
          0.9481287630751488,
          0.9492497851613119,
          0.9458263919673808,
          0.9484700746311908,
          0.9494256654841341,
          0.9493117303375126
        ],
        [
          0.9474482856317905,
          0.9489646717653638,
          0.9509311808313038,
          0.948139450231028,
          0.9489485827056432,
          0.9487131529244573,
          0.9486973520211048,
          1.0597065906596073,
