Map from character to field name
A:	
B:	Argentina
C:	Australia
D:	Austria
E:	Belgium
F:	Brazil
G:	British Virgin Islands
H:	Bulgaria
I:	Canada
J:	Central African Republic
K:	China
L:	Colombia
M:	Croatia
N:	Cyprus
O:	Czech Republic
P:	France
Q:	Germany
R:	Greece
S:	Hungary
T:	India
U:	Israel
V:	Italy
W:	Kenya
X:	Kosovo
Y:	Madagascar
Z:	Mexico
[:	Morocco
\:	Namibia
]:	Netherlands
^:	Poland
_:	Romania
`:	Russia
a:	Senegal
b:	Serbia
c:	Slovakia
d:	Slovenia
e:	South Africa
f:	Spain
g:	Switzerland
h:	Turkey
i:	USA
j:	Uganda
k:	United Arab Emirates
l:	Zambia
m:	?


Substitution rate (mu): 81.881077

Equilibrium frequencies (pi_i):
  A: 0.0123
  B: 0.0234
  C: 0.0235
  D: 0.0204
  E: 0.0232
  F: 0.0233
  G: 0.0232
  H: 0.0237
  I: 0.0172
  J: 0.0238
  K: 0.0233
  L: 0.0236
  M: 0.0238
  N: 0.0238
  O: 0.0239
  P: 0.0225
  Q: 0.0245
  R: 0.026
  S: 0.0198
  T: 0.0233
  U: 0.0227
  V: 0.0206
  W: 0.0237
  X: 0.0238
  Y: 0.0239
  Z: 0.0216
  [: 0.0227
  \: 0.0242
  ]: 0.0242
  ^: 0.0236
  _: 0.0224
  `: 0.0252
  a: 0.0214
  b: 0.0246
  c: 0.0237
  d: 0.0242
  e: 0.024
  f: 0.0214
  g: 0.0235
  h: 0.0237
  i: 0.0147
  j: 0.0238
  k: 0.0237
  l: 0.0241

Symmetrized rates from j->i (W_ij):
	A	B	C	D	E	F	G	H	I	J	K	L	M	N	O	P	Q	R	S	T	U	V	W	X	Y	Z	[	\	]	^	_	`	a	b	c	d	e	f	g	h	i	j	k	l
  A	0	0.9545	0.9482	0.9459	0.9503	1.1668	0.946	0.9459	0.9993	0.9461	0.9462	0.9526	0.9459	0.9499	0.9459	0.9459	0.9448	0.9451	0.9512	0.9463	0.9486	2.3826	0.9464	0.946	0.9473	0.9522	0.9459	0.9498	0.9459	0.9459	0.9462	0.9461	0.9635	0.9457	0.9459	0.9458	0.9507	1.8909	0.9458	0.9464	25.9562	0.9459	0.9464	0.9464
  B	0.9545	0	0.9527	0.9481	0.9492	0.9487	0.9487	0.9488	0.9492	0.9491	0.9491	1.2814	0.9487	0.9558	0.9487	0.9485	0.9468	0.9476	0.9491	0.9493	0.9489	0.9462	0.9496	0.9489	0.9512	0.9486	0.9486	0.9558	0.9487	0.9487	0.949	0.949	0.968	0.9484	0.9487	0.9487	0.9573	0.9483	0.9485	0.9496	1.3364	0.9488	0.9496	0.9497
  C	0.9482	0.9527	0	0.9518	0.9535	0.9525	0.9526	0.9529	0.9511	0.9532	0.9536	0.9527	0.9527	0.9612	0.9527	0.9542	0.951	0.952	0.9531	0.9539	0.9539	0.9531	0.9542	0.9529	0.9556	0.9521	0.9542	0.9607	0.9528	0.9526	0.9534	0.9546	1.3898	0.9527	0.9527	0.9528	0.9632	0.956	0.9525	0.9542	0.9487	0.9529	0.9542	0.9544
  D	0.9459	0.9481	0.9518	0	0.9489	0.948	0.948	0.9483	0.9476	0.9484	0.9484	0.9481	0.9481	0.9546	2.207	0.9479	4.4119	0.9477	2.9477	0.9486	0.9484	2.0051	0.9488	0.9484	0.9505	0.9478	0.948	0.9547	1.4217	0.9482	0.9485	0.9487	0.9669	1.0723	1.6928	1.276	0.9564	0.9482	0.9479	0.9488	0.9461	0.9482	0.9488	0.949
  E	0.9503	0.9492	0.9535	0.9489	0	0.9491	0.9491	0.9492	0.9507	0.9494	0.9502	0.9492	0.9491	0.9563	0.9491	0.9491	0.9477	0.9487	1.658	0.9506	1.1014	0.9475	0.95	0.9493	0.9516	0.9493	0.9491	0.9562	0.9492	0.9492	0.9496	0.9507	1.136	0.95	0.9493	0.9491	0.958	0.9494	0.9488	0.95	1.2707	0.9492	0.95	0.9502
  F	1.1668	0.9487	0.9525	0.948	0.9491	0	0.9485	0.9487	0.9484	0.9489	0.949	0.9487	0.9485	0.9556	0.9486	0.9484	0.9467	0.9474	0.949	0.9491	0.9488	0.9461	0.9494	0.9488	0.951	1.2801	0.9485	0.9555	0.9485	0.9485	0.9488	0.9488	0.9677	0.9483	0.9485	0.9486	0.957	0.9482	0.9484	0.9494	1.4572	0.9487	0.9494	0.9496
  G	0.946	0.9487	0.9526	0.948	0.9491	0.9485	0	0.9487	0.9514	0.949	0.949	0.9487	0.9486	0.9556	0.9486	0.9484	0.9467	0.9475	0.949	0.9491	0.9488	0.9461	0.9494	0.9488	0.9511	0.9483	0.9485	0.9556	0.9485	0.9485	0.9489	0.9489	0.9677	0.9483	0.9486	0.9486	0.9571	0.9482	0.9484	0.9494	1.4162	0.9487	0.9494	0.9496
  H	0.9459	0.9488	0.9529	0.9483	0.9492	0.9487	0.9487	0	0.9481	0.9492	0.9492	0.9488	0.9488	0.956	0.9488	0.9486	0.9469	1.6773	1.1679	0.9494	0.949	0.9463	0.9497	1.1303	0.9514	0.9484	0.9487	0.956	0.9488	0.9489	1.0712	0.9492	0.9684	1.1074	0.9488	0.9489	0.9576	0.9484	0.9486	0.9497	0.9458	0.9489	0.9497	0.9498
  I	0.9993	0.9492	0.9511	0.9476	0.9507	0.9484	0.9514	0.9481	0	0.9483	0.9484	0.9491	0.948	0.9534	0.948	0.9479	0.9466	0.9472	0.9511	0.9485	0.9496	0.9462	0.9487	0.9482	0.9499	0.9483	0.948	0.9534	0.948	0.948	0.9482	0.9483	0.9665	0.9478	0.948	0.948	0.9545	0.9478	0.9479	0.9487	12.2408	0.9481	0.9487	0.9488
  J	0.9461	0.9491	0.9532	0.9484	0.9494	0.9489	0.949	0.9492	0.9483	0	0.9495	0.9491	0.949	0.9585	0.949	0.9489	0.9472	0.948	0.9524	0.9496	0.9491	0.9465	0.9499	0.9492	0.9578	0.9486	0.9489	0.9617	0.949	0.949	0.9497	0.9733	0.9689	0.9489	0.949	0.9491	1.4291	0.9486	0.9488	0.9499	0.9459	0.9494	0.9499	0.9502
  K	0.9462	0.9491	0.9536	0.9484	0.9502	0.949	0.949	0.9492	0.9484	0.9495	0	0.9491	0.9491	0.9564	0.9491	0.9492	0.9472	0.948	0.9502	1.187	0.9497	0.9471	0.9501	0.9493	0.9517	0.9487	0.9492	0.9562	0.949	0.949	0.95	1.3526	1.1209	0.9488	0.9491	0.9491	0.9581	0.9493	0.9489	0.9501	0.9466	0.9492	0.9501	0.9503
  L	0.9526	1.2814	0.9527	0.9481	0.9492	0.9487	0.9487	0.9488	0.9491	0.9491	0.9491	0	0.9487	0.9558	0.9487	0.9485	0.9468	0.9476	0.949	0.9493	0.9489	0.9462	0.9496	0.9489	0.9512	0.9486	0.9486	0.9558	0.9487	0.9487	0.949	0.949	0.9681	0.9484	0.9487	0.9487	0.9573	0.9483	0.9485	0.9496	1.2351	0.9488	0.9496	0.9497
  M	0.9459	0.9487	0.9527	0.9481	0.9491	0.9485	0.9486	0.9488	0.948	0.949	0.9491	0.9487	0	0.9559	0.9486	0.9485	0.9467	0.9475	1.4226	0.9492	0.9488	0.9461	0.9495	0.9489	0.9512	0.9483	0.9485	0.9559	0.9486	0.9486	0.949	0.949	0.9684	0.9483	0.9486	0.9487	0.9575	0.9483	0.9484	0.9495	0.9458	0.9488	0.9495	0.9497
  N	0.9499	0.9558	0.9612	0.9546	0.9563	0.9556	0.9556	0.956	0.9534	0.9585	0.9564	0.9558	0.9559	0	0.9559	0.9554	0.9542	0.9555	0.9571	0.9566	0.9558	0.9528	1.0118	0.9561	0.9726	0.9549	0.9555	1.2064	0.956	0.9558	0.9763	0.9871	1.3067	0.9561	0.9559	0.956	1.0525	0.9551	0.9556	1.0193	0.9504	0.9571	1.0193	1.0131
  O	0.9459	0.9487	0.9527	2.207	0.9491	0.9486	0.9486	0.9488	0.948	0.949	0.9491	0.9487	0.9486	0.9559	0	0.9485	1.8676	0.9475	0.985	0.9492	0.9488	0.9463	0.9495	0.9489	0.9512	0.9483	0.9485	0.9559	0.9488	0.9486	0.9489	0.9489	0.9681	0.9486	0.9489	0.9839	0.9574	0.9483	0.9485	0.9495	0.9457	0.9488	0.9495	0.9497
  P	0.9459	0.9485	0.9542	0.9479	0.9491	0.9484	0.9484	0.9486	0.9479	0.9489	0.9492	0.9485	0.9485	0.9554	0.9485	0	0.9467	0.9474	0.949	0.9494	0.9488	1.4455	0.9497	0.9487	0.9508	0.9482	0.9491	0.9551	0.9485	0.9485	0.9489	0.9492	1.8925	0.9482	0.9485	0.9485	0.9566	0.9527	0.9483	0.9498	0.9459	0.9486	0.9498	0.9499
  Q	0.9448	0.9468	0.951	4.4119	0.9477	0.9467	0.9467	0.9469	0.9466	0.9472	0.9472	0.9468	0.9467	0.9542	1.8676	0.9467	0	0.9456	2.85	0.9473	0.9473	1.5402	0.9476	0.947	0.9495	0.9465	0.9467	0.9543	0.9471	0.9468	0.9473	0.9473	0.9683	0.9473	1.9821	0.9885	0.9564	0.9468	0.9465	0.9476	0.945	0.9468	0.9476	0.9477
  R	0.9451	0.9476	0.952	0.9477	0.9487	0.9474	0.9475	1.6773	0.9472	0.948	0.948	0.9476	0.9475	0.9555	0.9475	0.9474	0.9456	0	3.1594	0.9482	0.9481	0.945	0.9485	1.5818	0.9505	0.9472	0.9474	0.9556	0.9477	1.0507	1.228	0.9484	0.9705	1.1477	0.9476	0.9477	0.9578	0.9475	0.9473	0.9485	0.9454	0.9476	0.9485	0.9486
  S	0.9512	0.9491	0.9531	2.9477	1.658	0.949	0.949	1.1679	0.9511	0.9524	0.9502	0.949	1.4226	0.9571	0.985	0.949	2.85	3.1594	0	0.9506	1.0454	1.9004	0.9498	1.1597	0.9576	0.9493	0.949	0.973	1.2833	2.0504	1.5981	1.1091	1.1672	5.2158	1.8717	1.0854	1.4261	1.2861	0.9487	0.9498	1.1608	0.9494	0.9498	0.9501
  T	0.9463	0.9493	0.9539	0.9486	0.9506	0.9491	0.9491	0.9494	0.9485	0.9496	1.187	0.9493	0.9492	0.9566	0.9492	0.9494	0.9473	0.9482	0.9506	0	0.9499	0.9473	0.9503	0.9494	0.9518	0.9488	0.9494	0.9563	0.9492	0.9492	0.9504	1.2688	1.1768	0.949	0.9492	0.9493	0.9583	0.9496	0.949	0.9503	0.9469	0.9493	0.9503	0.9504
  U	0.9486	0.9489	0.9539	0.9484	1.1014	0.9488	0.9488	0.949	0.9496	0.9491	0.9497	0.9489	0.9488	0.9558	0.9488	0.9488	0.9473	0.9481	1.0454	0.9499	0	0.9475	0.9499	0.949	0.9512	0.9488	0.9489	0.9555	0.9488	0.9489	0.9493	0.9499	1.5146	0.9492	0.9489	0.9489	0.9571	0.9488	0.9486	0.9499	1.3631	0.9489	0.9499	0.9501
  V	2.3826	0.9462	0.9531	2.0051	0.9475	0.9461	0.9461	0.9463	0.9462	0.9465	0.9471	0.9462	0.9461	0.9528	0.9463	1.4455	1.5402	0.945	1.9004	0.9473	0.9475	0	0.9477	0.9463	0.9483	0.946	0.9698	0.9521	0.9464	0.9461	0.947	0.9474	3.0401	0.9458	0.9478	0.9462	0.9537	2.1367	1.4204	0.9477	0.9455	0.9462	0.9477	0.9478
  W	0.9464	0.9496	0.9542	0.9488	0.95	0.9494	0.9494	0.9497	0.9487	0.9499	0.9501	0.9496	0.9495	1.0118	0.9495	0.9497	0.9476	0.9485	0.9498	0.9503	0.9499	0.9477	0	0.9497	0.9521	0.9491	0.9498	0.957	0.9495	0.9495	0.9601	0.9629	1.1607	0.9493	0.9495	0.9496	0.9588	0.9499	0.9493	1.0267	0.9463	0.9499	1.0267	1.3311
  X	0.946	0.9489	0.9529	0.9484	0.9493	0.9488	0.9488	1.1303	0.9482	0.9492	0.9493	0.9489	0.9489	0.9561	0.9489	0.9487	0.947	1.5818	1.1597	0.9494	0.949	0.9463	0.9497	0	0.9514	0.9485	0.9487	0.9561	0.9488	1.0164	0.9493	0.9492	0.9685	1.3348	0.9489	0.949	0.9577	0.9485	0.9486	0.9497	0.9458	0.949	0.9497	0.9499
  Y	0.9473	0.9512	0.9556	0.9505	0.9516	0.951	0.9511	0.9514	0.9499	0.9578	0.9517	0.9512	0.9512	0.9726	0.9512	0.9508	0.9495	0.9505	0.9576	0.9518	0.9512	0.9483	0.9521	0.9514	0	0.9506	0.9509	0.9825	0.9512	0.9512	0.9519	0.9706	0.9721	0.9515	0.9513	0.9513	1.3534	0.9505	0.951	0.9521	0.9473	0.9522	0.9521	0.9528
  Z	0.9522	0.9486	0.9521	0.9478	0.9493	1.2801	0.9483	0.9484	0.9483	0.9486	0.9487	0.9486	0.9483	0.9549	0.9483	0.9482	0.9465	0.9472	0.9493	0.9488	0.9488	0.946	0.9491	0.9485	0.9506	0	0.9482	0.9549	0.9482	0.9482	0.9486	0.9485	0.9673	0.948	0.9483	0.9483	0.9563	0.948	0.9481	0.9491	3.4147	0.9484	0.9491	0.9492
  [	0.9459	0.9486	0.9542	0.948	0.9491	0.9485	0.9485	0.9487	0.948	0.9489	0.9492	0.9486	0.9485	0.9555	0.9485	0.9491	0.9467	0.9474	0.949	0.9494	0.9489	0.9698	0.9498	0.9487	0.9509	0.9482	0	0.9552	0.9485	0.9485	0.949	0.9493	1.8925	0.9482	0.9485	0.9486	0.9567	0.9533	0.9484	0.9498	0.9459	0.9487	0.9498	0.9499
  \	0.9498	0.9558	0.9607	0.9547	0.9562	0.9555	0.9556	0.956	0.9534	0.9617	0.9562	0.9558	0.9559	1.2064	0.9559	0.9551	0.9543	0.9556	0.973	0.9563	0.9555	0.9521	0.957	0.9561	0.9825	0.9549	0.9552	0	0.956	0.9558	0.9565	0.9699	0.9792	0.9564	0.956	0.956	1.549	0.9544	0.9555	0.9571	0.9503	0.9576	0.9571	0.9581
  ]	0.9459	0.9487	0.9528	1.4217	0.9492	0.9485	0.9485	0.9488	0.948	0.949	0.949	0.9487	0.9486	0.956	0.9488	0.9485	0.9471	0.9477	1.2833	0.9492	0.9488	0.9464	0.9495	0.9488	0.9512	0.9482	0.9485	0.956	0	0.9487	0.949	0.949	0.969	0.9488	0.9487	0.9487	0.9577	1.3205	0.9484	0.9495	0.9457	0.9487	0.9495	0.9497
  ^	0.9459	0.9487	0.9526	0.9482	0.9492	0.9485	0.9485	0.9489	0.948	0.949	0.949	0.9487	0.9486	0.9558	0.9486	0.9485	0.9468	1.0507	2.0504	0.9492	0.9489	0.9461	0.9495	1.0164	0.9512	0.9482	0.9485	0.9558	0.9487	0	0.949	0.9491	0.9685	0.9504	0.9486	0.9487	0.9576	0.9483	0.9484	0.9495	0.9459	0.9487	0.9495	0.9496
  _	0.9462	0.949	0.9534	0.9485	0.9496	0.9488	0.9489	1.0712	0.9482	0.9497	0.95	0.949	0.949	0.9763	0.9489	0.9489	0.9473	1.228	1.5981	0.9504	0.9493	0.947	0.9601	0.9493	0.9519	0.9486	0.949	0.9565	0.949	0.949	0	2.7151	1.1558	0.9501	0.949	0.949	0.9644	0.949	0.9487	0.9616	0.9463	0.9491	0.9616	0.9604
  `	0.9461	0.949	0.9546	0.9487	0.9507	0.9488	0.9489	0.9492	0.9483	0.9733	1.3526	0.949	0.949	0.9871	0.9489	0.9492	0.9473	0.9484	1.1091	1.2688	0.9499	0.9474	0.9629	0.9492	0.9706	0.9485	0.9493	0.9699	0.949	0.9491	2.7151	0	1.4351	0.9495	0.9491	0.949	1.4563	0.9497	0.9487	0.9647	0.9468	0.9495	0.9647	0.9634
  a	0.9635	0.968	1.3898	0.9669	1.136	0.9677	0.9677	0.9684	0.9665	0.9689	1.1209	0.9681	0.9684	1.3067	0.9681	1.8925	0.9683	0.9705	1.1672	1.1768	1.5146	3.0401	1.1607	0.9685	0.9721	0.9673	1.8925	0.9792	0.969	0.9685	1.1558	1.4351	0	0.9715	0.9688	0.9686	0.9834	3.2218	0.9677	1.187	1.1066	0.9687	1.187	1.1625
  b	0.9457	0.9484	0.9527	1.0723	0.95	0.9483	0.9483	1.1074	0.9478	0.9489	0.9488	0.9484	0.9483	0.9561	0.9486	0.9482	0.9473	1.1477	5.2158	0.949	0.9492	0.9458	0.9493	1.3348	0.9515	0.948	0.9482	0.9564	0.9488	0.9504	0.9501	0.9495	0.9715	0	0.9488	1.4184	0.959	0.9485	0.9481	0.9493	0.9467	0.9485	0.9493	0.9494
  c	0.9459	0.9487	0.9527	1.6928	0.9493	0.9485	0.9486	0.9488	0.948	0.949	0.9491	0.9487	0.9486	0.9559	0.9489	0.9485	1.9821	0.9476	1.8717	0.9492	0.9489	0.9478	0.9495	0.9489	0.9513	0.9483	0.9485	0.956	0.9487	0.9486	0.949	0.9491	0.9688	0.9488	0	0.949	0.9577	0.9483	0.9484	0.9495	0.9459	0.9488	0.9495	0.9497
  d	0.9458	0.9487	0.9528	1.276	0.9491	0.9486	0.9486	0.9489	0.948	0.9491	0.9491	0.9487	0.9487	0.956	0.9839	0.9485	0.9885	0.9477	1.0854	0.9493	0.9489	0.9462	0.9496	0.949	0.9513	0.9483	0.9486	0.956	0.9487	0.9487	0.949	0.949	0.9686	1.4184	0.949	0	0.9576	0.9483	0.9485	0.9496	0.9457	0.9488	0.9496	0.9497
  e	0.9507	0.9573	0.9632	0.9564	0.958	0.957	0.9571	0.9576	0.9545	1.4291	0.9581	0.9573	0.9575	1.0525	0.9574	0.9566	0.9564	0.9578	1.4261	0.9583	0.9571	0.9537	0.9588	0.9577	1.3534	0.9563	0.9567	1.549	0.9577	0.9576	0.9644	1.4563	0.9834	0.959	0.9577	0.9576	0	0.956	0.9571	0.9587	0.9515	1.4673	0.9587	1.2211
  f	1.8909	0.9483	0.956	0.9482	0.9494	0.9482	0.9482	0.9484	0.9478	0.9486	0.9493	0.9483	0.9483	0.9551	0.9483	0.9527	0.9468	0.9475	1.2861	0.9496	0.9488	2.1367	0.9499	0.9485	0.9505	0.948	0.9533	0.9544	1.3205	0.9483	0.949	0.9497	3.2218	0.9485	0.9483	0.9483	0.956	0	0.9481	0.95	0.9508	0.9484	0.95	0.9501
  g	0.9458	0.9485	0.9525	0.9479	0.9488	0.9484	0.9484	0.9486	0.9479	0.9488	0.9489	0.9485	0.9484	0.9556	0.9485	0.9483	0.9465	0.9473	0.9487	0.949	0.9486	1.4204	0.9493	0.9486	0.951	0.9481	0.9484	0.9555	0.9484	0.9484	0.9487	0.9487	0.9677	0.9481	0.9484	0.9485	0.9571	0.9481	0	0.9493	0.9456	0.9486	0.9493	0.9495
  h	0.9464	0.9496	0.9542	0.9488	0.95	0.9494	0.9494	0.9497	0.9487	0.9499	0.9501	0.9496	0.9495	1.0193	0.9495	0.9498	0.9476	0.9485	0.9498	0.9503	0.9499	0.9477	1.0267	0.9497	0.9521	0.9491	0.9498	0.9571	0.9495	0.9495	0.9616	0.9647	1.187	0.9493	0.9495	0.9496	0.9587	0.95	0.9493	0	0.9463	0.9498	1.25	1.0275
  i	25.9562	1.3364	0.9487	0.9461	1.2707	1.4572	1.4162	0.9458	12.2408	0.9459	0.9466	1.2351	0.9458	0.9504	0.9457	0.9459	0.945	0.9454	1.1608	0.9469	1.3631	0.9455	0.9463	0.9458	0.9473	3.4147	0.9459	0.9503	0.9457	0.9459	0.9463	0.9468	1.1066	0.9467	0.9459	0.9457	0.9515	0.9508	0.9456	0.9463	0	0.9457	0.9463	0.9464
  j	0.9459	0.9488	0.9529	0.9482	0.9492	0.9487	0.9487	0.9489	0.9481	0.9494	0.9492	0.9488	0.9488	0.9571	0.9488	0.9486	0.9468	0.9476	0.9494	0.9493	0.9489	0.9462	0.9499	0.949	0.9522	0.9484	0.9487	0.9576	0.9487	0.9487	0.9491	0.9495	0.9687	0.9485	0.9488	0.9488	1.4673	0.9484	0.9486	0.9498	0.9457	0	0.9498	1.2205
  k	0.9464	0.9496	0.9542	0.9488	0.95	0.9494	0.9494	0.9497	0.9487	0.9499	0.9501	0.9496	0.9495	1.0193	0.9495	0.9498	0.9476	0.9485	0.9498	0.9503	0.9499	0.9477	1.0267	0.9497	0.9521	0.9491	0.9498	0.9571	0.9495	0.9495	0.9616	0.9647	1.187	0.9493	0.9495	0.9496	0.9587	0.95	0.9493	1.25	0.9463	0.9498	0	1.0275
  l	0.9464	0.9497	0.9544	0.949	0.9502	0.9496	0.9496	0.9498	0.9488	0.9502	0.9503	0.9497	0.9497	1.0131	0.9497	0.9499	0.9477	0.9486	0.9501	0.9504	0.9501	0.9478	1.3311	0.9499	0.9528	0.9492	0.9499	0.9581	0.9497	0.9496	0.9604	0.9634	1.1625	0.9494	0.9497	0.9497	1.2211	0.9501	0.9495	1.0275	0.9464	1.2205	1.0275	0

Actual rates from j->i (Q_ij):
	A	B	C	D	E	F	G	H	I	J	K	L	M	N	O	P	Q	R	S	T	U	V	W	X	Y	Z	[	\	]	^	_	`	a	b	c	d	e	f	g	h	i	j	k	l
  A	0	0.0117	0.0116	0.0116	0.0116	0.0143	0.0116	0.0116	0.0122	0.0116	0.0116	0.0117	0.0116	0.0116	0.0116	0.0116	0.0116	0.0116	0.0117	0.0116	0.0116	0.0292	0.0116	0.0116	0.0116	0.0117	0.0116	0.0116	0.0116	0.0116	0.0116	0.0116	0.0118	0.0116	0.0116	0.0116	0.0117	0.0232	0.0116	0.0116	0.3181	0.0116	0.0116	0.0116
  B	0.0223	0	0.0223	0.0222	0.0222	0.0222	0.0222	0.0222	0.0222	0.0222	0.0222	0.03	0.0222	0.0224	0.0222	0.0222	0.0221	0.0222	0.0222	0.0222	0.0222	0.0221	0.0222	0.0222	0.0222	0.0222	0.0222	0.0224	0.0222	0.0222	0.0222	0.0222	0.0226	0.0222	0.0222	0.0222	0.0224	0.0222	0.0222	0.0222	0.0313	0.0222	0.0222	0.0222
  C	0.0223	0.0224	0	0.0224	0.0224	0.0224	0.0224	0.0224	0.0224	0.0224	0.0224	0.0224	0.0224	0.0226	0.0224	0.0225	0.0224	0.0224	0.0224	0.0225	0.0225	0.0224	0.0225	0.0224	0.0225	0.0224	0.0225	0.0226	0.0224	0.0224	0.0224	0.0225	0.0327	0.0224	0.0224	0.0224	0.0227	0.0225	0.0224	0.0225	0.0223	0.0224	0.0225	0.0225
  D	0.0193	0.0193	0.0194	0	0.0193	0.0193	0.0193	0.0193	0.0193	0.0193	0.0193	0.0193	0.0193	0.0195	0.045	0.0193	0.0899	0.0193	0.0601	0.0193	0.0193	0.0409	0.0193	0.0193	0.0194	0.0193	0.0193	0.0195	0.029	0.0193	0.0193	0.0193	0.0197	0.0219	0.0345	0.026	0.0195	0.0193	0.0193	0.0193	0.0193	0.0193	0.0193	0.0193
  E	0.022	0.022	0.0221	0.022	0	0.022	0.022	0.022	0.022	0.022	0.022	0.022	0.022	0.0222	0.022	0.022	0.022	0.022	0.0384	0.022	0.0255	0.0219	0.022	0.022	0.022	0.022	0.022	0.0222	0.022	0.022	0.022	0.022	0.0263	0.022	0.022	0.022	0.0222	0.022	0.022	0.022	0.0294	0.022	0.022	0.022
  F	0.0272	0.0221	0.0222	0.0221	0.0221	0	0.0221	0.0221	0.0221	0.0221	0.0221	0.0221	0.0221	0.0223	0.0221	0.0221	0.0221	0.0221	0.0221	0.0221	0.0221	0.022	0.0221	0.0221	0.0222	0.0298	0.0221	0.0223	0.0221	0.0221	0.0221	0.0221	0.0226	0.0221	0.0221	0.0221	0.0223	0.0221	0.0221	0.0221	0.034	0.0221	0.0221	0.0221
  G	0.0219	0.022	0.0221	0.022	0.022	0.022	0	0.022	0.022	0.022	0.022	0.022	0.022	0.0221	0.022	0.022	0.0219	0.022	0.022	0.022	0.022	0.0219	0.022	0.022	0.022	0.022	0.022	0.0221	0.022	0.022	0.022	0.022	0.0224	0.022	0.022	0.022	0.0222	0.022	0.022	0.022	0.0328	0.022	0.022	0.022
  H	0.0225	0.0225	0.0226	0.0225	0.0225	0.0225	0.0225	0	0.0225	0.0225	0.0225	0.0225	0.0225	0.0227	0.0225	0.0225	0.0225	0.0398	0.0277	0.0225	0.0225	0.0225	0.0226	0.0268	0.0226	0.0225	0.0225	0.0227	0.0225	0.0225	0.0254	0.0225	0.023	0.0263	0.0225	0.0225	0.0227	0.0225	0.0225	0.0226	0.0225	0.0225	0.0226	0.0226
  I	0.0172	0.0164	0.0164	0.0163	0.0164	0.0164	0.0164	0.0164	0	0.0164	0.0164	0.0164	0.0164	0.0164	0.0164	0.0163	0.0163	0.0163	0.0164	0.0164	0.0164	0.0163	0.0164	0.0164	0.0164	0.0164	0.0163	0.0164	0.0163	0.0164	0.0164	0.0164	0.0167	0.0163	0.0164	0.0164	0.0165	0.0163	0.0163	0.0164	0.2111	0.0164	0.0164	0.0164
  J	0.0225	0.0226	0.0226	0.0225	0.0226	0.0225	0.0225	0.0226	0.0225	0	0.0226	0.0226	0.0225	0.0228	0.0225	0.0225	0.0225	0.0225	0.0226	0.0226	0.0226	0.0225	0.0226	0.0226	0.0228	0.0225	0.0225	0.0229	0.0225	0.0225	0.0226	0.0231	0.023	0.0225	0.0225	0.0226	0.034	0.0225	0.0225	0.0226	0.0225	0.0226	0.0226	0.0226
  K	0.0221	0.0221	0.0222	0.0221	0.0222	0.0221	0.0221	0.0221	0.0221	0.0221	0	0.0221	0.0221	0.0223	0.0221	0.0221	0.0221	0.0221	0.0222	0.0277	0.0221	0.0221	0.0222	0.0221	0.0222	0.0221	0.0221	0.0223	0.0221	0.0221	0.0222	0.0315	0.0261	0.0221	0.0221	0.0221	0.0223	0.0221	0.0221	0.0222	0.0221	0.0221	0.0222	0.0222
  L	0.0225	0.0302	0.0225	0.0224	0.0224	0.0224	0.0224	0.0224	0.0224	0.0224	0.0224	0	0.0224	0.0225	0.0224	0.0224	0.0223	0.0223	0.0224	0.0224	0.0224	0.0223	0.0224	0.0224	0.0224	0.0224	0.0224	0.0225	0.0224	0.0224	0.0224	0.0224	0.0228	0.0224	0.0224	0.0224	0.0226	0.0224	0.0224	0.0224	0.0291	0.0224	0.0224	0.0224
  M	0.0225	0.0226	0.0227	0.0226	0.0226	0.0226	0.0226	0.0226	0.0226	0.0226	0.0226	0.0226	0	0.0227	0.0226	0.0226	0.0225	0.0225	0.0338	0.0226	0.0226	0.0225	0.0226	0.0226	0.0226	0.0226	0.0226	0.0227	0.0226	0.0226	0.0226	0.0226	0.023	0.0226	0.0226	0.0226	0.0228	0.0226	0.0226	0.0226	0.0225	0.0226	0.0226	0.0226
  N	0.0226	0.0228	0.0229	0.0227	0.0228	0.0228	0.0228	0.0228	0.0227	0.0228	0.0228	0.0228	0.0228	0	0.0228	0.0228	0.0227	0.0228	0.0228	0.0228	0.0228	0.0227	0.0241	0.0228	0.0232	0.0228	0.0228	0.0287	0.0228	0.0228	0.0233	0.0235	0.0311	0.0228	0.0228	0.0228	0.0251	0.0228	0.0228	0.0243	0.0226	0.0228	0.0243	0.0241
  O	0.0226	0.0227	0.0228	0.0528	0.0227	0.0227	0.0227	0.0227	0.0227	0.0227	0.0227	0.0227	0.0227	0.0229	0	0.0227	0.0447	0.0227	0.0236	0.0227	0.0227	0.0227	0.0227	0.0227	0.0228	0.0227	0.0227	0.0229	0.0227	0.0227	0.0227	0.0227	0.0232	0.0227	0.0227	0.0236	0.0229	0.0227	0.0227	0.0227	0.0226	0.0227	0.0227	0.0227
  P	0.0213	0.0213	0.0215	0.0213	0.0214	0.0213	0.0213	0.0213	0.0213	0.0214	0.0214	0.0213	0.0213	0.0215	0.0213	0	0.0213	0.0213	0.0214	0.0214	0.0213	0.0325	0.0214	0.0213	0.0214	0.0213	0.0214	0.0215	0.0213	0.0213	0.0214	0.0214	0.0426	0.0213	0.0213	0.0213	0.0215	0.0214	0.0213	0.0214	0.0213	0.0213	0.0214	0.0214
  Q	0.0232	0.0232	0.0233	0.1082	0.0232	0.0232	0.0232	0.0232	0.0232	0.0232	0.0232	0.0232	0.0232	0.0234	0.0458	0.0232	0	0.0232	0.0699	0.0232	0.0232	0.0378	0.0232	0.0232	0.0233	0.0232	0.0232	0.0234	0.0232	0.0232	0.0232	0.0232	0.0238	0.0232	0.0486	0.0242	0.0235	0.0232	0.0232	0.0232	0.0232	0.0232	0.0232	0.0232
  R	0.0246	0.0247	0.0248	0.0247	0.0247	0.0247	0.0247	0.0437	0.0247	0.0247	0.0247	0.0247	0.0247	0.0249	0.0247	0.0247	0.0246	0	0.0823	0.0247	0.0247	0.0246	0.0247	0.0412	0.0248	0.0247	0.0247	0.0249	0.0247	0.0274	0.032	0.0247	0.0253	0.0299	0.0247	0.0247	0.0249	0.0247	0.0247	0.0247	0.0246	0.0247	0.0247	0.0247
  S	0.0189	0.0188	0.0189	0.0585	0.0329	0.0188	0.0188	0.0232	0.0189	0.0189	0.0188	0.0188	0.0282	0.019	0.0195	0.0188	0.0565	0.0627	0	0.0189	0.0207	0.0377	0.0188	0.023	0.019	0.0188	0.0188	0.0193	0.0255	0.0407	0.0317	0.022	0.0232	0.1035	0.0371	0.0215	0.0283	0.0255	0.0188	0.0188	0.023	0.0188	0.0188	0.0188
  T	0.0221	0.0221	0.0222	0.0221	0.0222	0.0221	0.0221	0.0221	0.0221	0.0221	0.0277	0.0221	0.0221	0.0223	0.0221	0.0221	0.0221	0.0221	0.0222	0	0.0221	0.0221	0.0221	0.0221	0.0222	0.0221	0.0221	0.0223	0.0221	0.0221	0.0221	0.0296	0.0274	0.0221	0.0221	0.0221	0.0223	0.0221	0.0221	0.0221	0.0221	0.0221	0.0221	0.0221
  U	0.0215	0.0215	0.0216	0.0215	0.025	0.0215	0.0215	0.0215	0.0215	0.0215	0.0215	0.0215	0.0215	0.0217	0.0215	0.0215	0.0215	0.0215	0.0237	0.0215	0	0.0215	0.0215	0.0215	0.0215	0.0215	0.0215	0.0216	0.0215	0.0215	0.0215	0.0215	0.0343	0.0215	0.0215	0.0215	0.0217	0.0215	0.0215	0.0215	0.0309	0.0215	0.0215	0.0215
  V	0.0492	0.0195	0.0197	0.0414	0.0196	0.0195	0.0195	0.0195	0.0195	0.0195	0.0196	0.0195	0.0195	0.0197	0.0195	0.0298	0.0318	0.0195	0.0392	0.0196	0.0196	0	0.0196	0.0195	0.0196	0.0195	0.02	0.0197	0.0195	0.0195	0.0196	0.0196	0.0628	0.0195	0.0196	0.0195	0.0197	0.0441	0.0293	0.0196	0.0195	0.0195	0.0196	0.0196
  W	0.0225	0.0225	0.0226	0.0225	0.0225	0.0225	0.0225	0.0225	0.0225	0.0225	0.0226	0.0225	0.0225	0.024	0.0225	0.0225	0.0225	0.0225	0.0225	0.0226	0.0225	0.0225	0	0.0225	0.0226	0.0225	0.0225	0.0227	0.0225	0.0225	0.0228	0.0229	0.0275	0.0225	0.0225	0.0225	0.0228	0.0225	0.0225	0.0244	0.0225	0.0225	0.0244	0.0316
  X	0.0225	0.0226	0.0227	0.0226	0.0226	0.0226	0.0226	0.0269	0.0226	0.0226	0.0226	0.0226	0.0226	0.0228	0.0226	0.0226	0.0226	0.0377	0.0276	0.0226	0.0226	0.0225	0.0226	0	0.0227	0.0226	0.0226	0.0228	0.0226	0.0242	0.0226	0.0226	0.0231	0.0318	0.0226	0.0226	0.0228	0.0226	0.0226	0.0226	0.0225	0.0226	0.0226	0.0226
  Y	0.0226	0.0227	0.0228	0.0227	0.0227	0.0227	0.0227	0.0227	0.0227	0.0228	0.0227	0.0227	0.0227	0.0232	0.0227	0.0227	0.0227	0.0227	0.0228	0.0227	0.0227	0.0226	0.0227	0.0227	0	0.0227	0.0227	0.0234	0.0227	0.0227	0.0227	0.0232	0.0232	0.0227	0.0227	0.0227	0.0323	0.0227	0.0227	0.0227	0.0226	0.0227	0.0227	0.0227
  Z	0.0206	0.0205	0.0206	0.0205	0.0205	0.0276	0.0205	0.0205	0.0205	0.0205	0.0205	0.0205	0.0205	0.0206	0.0205	0.0205	0.0204	0.0205	0.0205	0.0205	0.0205	0.0204	0.0205	0.0205	0.0205	0	0.0205	0.0206	0.0205	0.0205	0.0205	0.0205	0.0209	0.0205	0.0205	0.0205	0.0207	0.0205	0.0205	0.0205	0.0737	0.0205	0.0205	0.0205
  [	0.0215	0.0215	0.0217	0.0215	0.0215	0.0215	0.0215	0.0215	0.0215	0.0215	0.0215	0.0215	0.0215	0.0217	0.0215	0.0215	0.0215	0.0215	0.0215	0.0216	0.0215	0.022	0.0216	0.0215	0.0216	0.0215	0	0.0217	0.0215	0.0215	0.0215	0.0215	0.043	0.0215	0.0215	0.0215	0.0217	0.0216	0.0215	0.0216	0.0215	0.0215	0.0216	0.0216
  \	0.0229	0.0231	0.0232	0.0231	0.0231	0.0231	0.0231	0.0231	0.023	0.0232	0.0231	0.0231	0.0231	0.0291	0.0231	0.0231	0.0231	0.0231	0.0235	0.0231	0.0231	0.023	0.0231	0.0231	0.0237	0.0231	0.0231	0	0.0231	0.0231	0.0231	0.0234	0.0237	0.0231	0.0231	0.0231	0.0374	0.0231	0.0231	0.0231	0.023	0.0231	0.0231	0.0231
  ]	0.0229	0.023	0.0231	0.0345	0.023	0.023	0.023	0.023	0.023	0.023	0.023	0.023	0.023	0.0232	0.023	0.023	0.023	0.023	0.0311	0.023	0.023	0.0229	0.023	0.023	0.0231	0.023	0.023	0.0232	0	0.023	0.023	0.023	0.0235	0.023	0.023	0.023	0.0232	0.032	0.023	0.023	0.0229	0.023	0.023	0.023
  ^	0.0223	0.0224	0.0225	0.0224	0.0224	0.0224	0.0224	0.0224	0.0224	0.0224	0.0224	0.0224	0.0224	0.0226	0.0224	0.0224	0.0224	0.0248	0.0484	0.0224	0.0224	0.0223	0.0224	0.024	0.0225	0.0224	0.0224	0.0226	0.0224	0	0.0224	0.0224	0.0229	0.0224	0.0224	0.0224	0.0226	0.0224	0.0224	0.0224	0.0223	0.0224	0.0224	0.0224
  _	0.0212	0.0212	0.0213	0.0212	0.0213	0.0212	0.0212	0.024	0.0212	0.0213	0.0213	0.0212	0.0212	0.0219	0.0212	0.0212	0.0212	0.0275	0.0358	0.0213	0.0213	0.0212	0.0215	0.0213	0.0213	0.0212	0.0212	0.0214	0.0212	0.0212	0	0.0608	0.0259	0.0213	0.0212	0.0212	0.0216	0.0212	0.0212	0.0215	0.0212	0.0212	0.0215	0.0215
  `	0.0238	0.0239	0.024	0.0239	0.0239	0.0239	0.0239	0.0239	0.0239	0.0245	0.034	0.0239	0.0239	0.0248	0.0239	0.0239	0.0238	0.0239	0.0279	0.0319	0.0239	0.0238	0.0242	0.0239	0.0244	0.0239	0.0239	0.0244	0.0239	0.0239	0.0683	0	0.0361	0.0239	0.0239	0.0239	0.0367	0.0239	0.0239	0.0243	0.0238	0.0239	0.0243	0.0242
  a	0.0206	0.0207	0.0297	0.0207	0.0243	0.0207	0.0207	0.0207	0.0207	0.0207	0.024	0.0207	0.0207	0.0279	0.0207	0.0405	0.0207	0.0208	0.025	0.0252	0.0324	0.065	0.0248	0.0207	0.0208	0.0207	0.0405	0.0209	0.0207	0.0207	0.0247	0.0307	0	0.0208	0.0207	0.0207	0.021	0.0689	0.0207	0.0254	0.0237	0.0207	0.0254	0.0249
  b	0.0233	0.0233	0.0234	0.0264	0.0234	0.0233	0.0233	0.0272	0.0233	0.0233	0.0233	0.0233	0.0233	0.0235	0.0233	0.0233	0.0233	0.0282	0.1283	0.0233	0.0234	0.0233	0.0234	0.0328	0.0234	0.0233	0.0233	0.0235	0.0233	0.0234	0.0234	0.0234	0.0239	0	0.0233	0.0349	0.0236	0.0233	0.0233	0.0234	0.0233	0.0233	0.0234	0.0234
  c	0.0224	0.0225	0.0226	0.0402	0.0225	0.0225	0.0225	0.0225	0.0225	0.0225	0.0225	0.0225	0.0225	0.0227	0.0225	0.0225	0.047	0.0225	0.0444	0.0225	0.0225	0.0225	0.0225	0.0225	0.0226	0.0225	0.0225	0.0227	0.0225	0.0225	0.0225	0.0225	0.023	0.0225	0	0.0225	0.0227	0.0225	0.0225	0.0225	0.0224	0.0225	0.0225	0.0225
  d	0.0229	0.023	0.0231	0.0309	0.023	0.023	0.023	0.023	0.0229	0.023	0.023	0.023	0.023	0.0231	0.0238	0.023	0.0239	0.0229	0.0263	0.023	0.023	0.0229	0.023	0.023	0.023	0.023	0.023	0.0231	0.023	0.023	0.023	0.023	0.0234	0.0343	0.023	0	0.0232	0.023	0.023	0.023	0.0229	0.023	0.023	0.023
  e	0.0228	0.023	0.0232	0.023	0.023	0.023	0.023	0.023	0.0229	0.0343	0.023	0.023	0.023	0.0253	0.023	0.023	0.023	0.023	0.0343	0.023	0.023	0.0229	0.023	0.023	0.0325	0.023	0.023	0.0372	0.023	0.023	0.0232	0.035	0.0236	0.0231	0.023	0.023	0	0.023	0.023	0.023	0.0229	0.0353	0.023	0.0293
  f	0.0405	0.0203	0.0205	0.0203	0.0203	0.0203	0.0203	0.0203	0.0203	0.0203	0.0203	0.0203	0.0203	0.0205	0.0203	0.0204	0.0203	0.0203	0.0275	0.0203	0.0203	0.0458	0.0203	0.0203	0.0204	0.0203	0.0204	0.0204	0.0283	0.0203	0.0203	0.0203	0.069	0.0203	0.0203	0.0203	0.0205	0	0.0203	0.0203	0.0204	0.0203	0.0203	0.0203
  g	0.0222	0.0222	0.0223	0.0222	0.0223	0.0222	0.0222	0.0223	0.0222	0.0223	0.0223	0.0222	0.0222	0.0224	0.0222	0.0222	0.0222	0.0222	0.0223	0.0223	0.0223	0.0333	0.0223	0.0223	0.0223	0.0222	0.0222	0.0224	0.0222	0.0222	0.0223	0.0223	0.0227	0.0222	0.0222	0.0222	0.0224	0.0222	0	0.0223	0.0222	0.0223	0.0223	0.0223
  h	0.0224	0.0225	0.0226	0.0225	0.0225	0.0225	0.0225	0.0225	0.0225	0.0225	0.0225	0.0225	0.0225	0.0241	0.0225	0.0225	0.0224	0.0225	0.0225	0.0225	0.0225	0.0224	0.0243	0.0225	0.0225	0.0225	0.0225	0.0227	0.0225	0.0225	0.0228	0.0228	0.0281	0.0225	0.0225	0.0225	0.0227	0.0225	0.0225	0	0.0224	0.0225	0.0296	0.0243
  i	0.3824	0.0197	0.014	0.0139	0.0187	0.0215	0.0209	0.0139	0.1803	0.0139	0.0139	0.0182	0.0139	0.014	0.0139	0.0139	0.0139	0.0139	0.0171	0.0139	0.0201	0.0139	0.0139	0.0139	0.014	0.0503	0.0139	0.014	0.0139	0.0139	0.0139	0.0139	0.0163	0.0139	0.0139	0.0139	0.014	0.014	0.0139	0.0139	0	0.0139	0.0139	0.0139
  j	0.0225	0.0226	0.0227	0.0226	0.0226	0.0226	0.0226	0.0226	0.0226	0.0226	0.0226	0.0226	0.0226	0.0228	0.0226	0.0226	0.0226	0.0226	0.0226	0.0226	0.0226	0.0225	0.0226	0.0226	0.0227	0.0226	0.0226	0.0228	0.0226	0.0226	0.0226	0.0226	0.0231	0.0226	0.0226	0.0226	0.035	0.0226	0.0226	0.0226	0.0225	0	0.0226	0.0291
  k	0.0224	0.0225	0.0226	0.0225	0.0225	0.0225	0.0225	0.0225	0.0225	0.0225	0.0225	0.0225	0.0225	0.0241	0.0225	0.0225	0.0224	0.0225	0.0225	0.0225	0.0225	0.0224	0.0243	0.0225	0.0225	0.0225	0.0225	0.0227	0.0225	0.0225	0.0228	0.0228	0.0281	0.0225	0.0225	0.0225	0.0227	0.0225	0.0225	0.0296	0.0224	0.0225	0	0.0243
  l	0.0228	0.0228	0.023	0.0228	0.0229	0.0228	0.0228	0.0228	0.0228	0.0229	0.0229	0.0228	0.0228	0.0244	0.0228	0.0228	0.0228	0.0228	0.0229	0.0229	0.0229	0.0228	0.032	0.0228	0.0229	0.0228	0.0228	0.023	0.0228	0.0228	0.0231	0.0232	0.028	0.0228	0.0228	0.0228	0.0294	0.0229	0.0228	0.0247	0.0228	0.0294	0.0247	0
