Map from character to field name
A:	
B:	Argentina
C:	Australia
D:	Austria
E:	Belgium
F:	Brazil
G:	British Virgin Islands
H:	Bulgaria
I:	Canada
J:	China
K:	Colombia
L:	Croatia
M:	Cyprus
N:	Czech Republic
O:	France
P:	Germany
Q:	Greece
R:	Hungary
S:	India
T:	Israel
U:	Italy
V:	Kenya
W:	Kosovo
X:	Madagascar
Y:	Mexico
Z:	Morocco
[:	Namibia
\:	Netherlands
]:	Poland
^:	Romania
_:	Russia
`:	Senegal
a:	Serbia
b:	Slovakia
c:	Slovenia
d:	South Africa
e:	Spain
f:	Switzerland
g:	Turkey
h:	USA
i:	Uganda
j:	United Arab Emirates
k:	Zambia
l:	?


Substitution rate (mu): 72.9946

Equilibrium frequencies (pi_i):
  A: 0.0123
  B: 0.0232
  C: 0.0243
  D: 0.0198
  E: 0.0248
  F: 0.0244
  G: 0.024
  H: 0.0243
  I: 0.0171
  J: 0.024
  K: 0.0245
  L: 0.0244
  M: 0.0238
  N: 0.0246
  O: 0.0233
  P: 0.0259
  Q: 0.0266
  R: 0.021
  S: 0.0239
  T: 0.0244
  U: 0.0214
  V: 0.0244
  W: 0.0245
  X: 0.0245
  Y: 0.0215
  Z: 0.0236
  [: 0.0247
  \: 0.0248
  ]: 0.0242
  ^: 0.0228
  _: 0.0263
  `: 0.021
  a: 0.0252
  b: 0.0242
  c: 0.0248
  d: 0.0244
  e: 0.0225
  f: 0.0215
  g: 0.0245
  h: 0.0148
  i: 0.0245
  j: 0.0244
  k: 0.025

Symmetrized rates from j->i (W_ij):
	A	B	C	D	E	F	G	H	I	J	K	L	M	N	O	P	Q	R	S	T	U	V	W	X	Y	Z	[	\	]	^	_	`	a	b	c	d	e	f	g	h	i	j	k
  A	0	1.4405	0.9487	0.947	0.9651	1.2567	0.9475	0.9471	1.2647	0.9473	1.0302	0.947	1.4798	0.947	0.9471	0.9467	0.9463	0.9517	0.9475	0.9858	3.1342	0.9477	0.9471	0.9514	1.0123	0.9471	1.0201	0.9471	0.947	0.9474	0.949	0.9685	0.9469	0.9471	0.947	0.9738	1.7871	0.9471	0.9476	21.248	0.9473	0.9478	0.9477
  B	1.4405	0	0.9504	0.9479	1.1259	0.9488	0.9487	0.9488	0.9488	0.9488	1.3473	0.9487	0.9534	0.9487	0.9486	0.9466	0.9474	0.949	0.9491	1.2929	0.9459	0.9497	0.9488	0.9509	0.9485	0.9486	0.9544	0.9486	0.9486	0.949	0.9487	0.9584	0.9484	0.9487	0.9487	0.9575	0.9485	0.9484	0.9495	1.3486	0.9488	0.9497	0.9496
  C	0.9487	0.9504	0	0.9493	0.9505	0.9502	0.9502	0.9504	0.9494	0.9513	0.9503	0.9502	0.9561	0.9503	0.9504	0.9482	0.9491	0.9526	0.9527	0.9509	0.9485	0.9517	0.9504	0.953	0.9497	0.9505	0.9568	0.9502	0.9502	0.9509	0.9576	1.4576	0.9501	0.9503	0.9503	0.9622	0.9517	0.9499	0.9515	0.9518	0.9505	0.9518	0.9516
  D	0.947	0.9479	0.9493	0	0.9479	0.9476	0.9476	0.9479	0.9473	0.9478	0.9476	0.9477	0.9519	2.4181	0.9476	4.5577	0.9479	2.9632	0.948	0.9478	1.4202	0.9485	0.9479	0.9498	0.9474	0.9476	0.9526	1.4057	0.9478	0.9481	0.948	0.9571	1.2821	2.0005	1.34	0.956	0.9478	0.9475	0.9484	0.9461	0.9477	0.9486	0.9485
  E	0.9651	1.1259	0.9505	0.9479	0	0.9486	0.9486	0.9488	0.9483	0.9488	0.949	0.9486	0.9536	0.9486	0.9485	0.9464	0.9475	1.4225	0.949	1.3231	0.9455	0.9497	0.9488	0.951	0.9483	0.9485	0.9544	0.9486	0.9486	0.9489	0.9487	0.9591	0.9484	0.9486	0.9486	0.9581	0.9484	0.9483	0.9495	0.9851	0.9487	0.9497	0.9496
  F	1.2567	0.9488	0.9502	0.9476	0.9486	0	0.9484	0.9486	0.948	0.9486	0.9484	0.9484	0.9534	0.9484	0.9483	0.9462	0.9471	0.9486	0.9488	0.9486	0.946	0.9494	0.9486	0.9507	1.3327	0.9484	0.9543	0.9484	0.9483	0.9487	0.9484	0.9586	0.948	0.9484	0.9484	0.9576	1.2867	0.9482	0.9493	1.0487	0.9485	0.9495	0.9494
  G	0.9475	0.9487	0.9502	0.9476	0.9486	0.9484	0	0.9485	1.1713	0.9486	0.9484	0.9484	0.9531	0.9484	0.9483	0.9462	0.9471	0.9486	0.9488	0.9486	0.9454	0.9494	0.9485	0.9506	0.948	0.9483	0.9539	0.9483	0.9483	0.9487	0.9484	0.9583	0.948	0.9484	0.9484	0.9573	0.9481	0.9482	0.9493	1.2357	0.9485	0.9495	0.9493
  H	0.9471	0.9488	0.9504	0.9479	0.9488	0.9486	0.9485	0	0.9478	0.9487	0.9486	0.9486	0.9535	0.9486	0.9484	0.9464	1.6905	1.1797	0.949	0.9488	0.9455	0.9496	1.0939	0.9509	0.9481	0.9485	0.9542	0.9485	0.9487	1.0597	0.9487	0.9586	1.2118	0.9486	0.9487	0.9577	0.9483	0.9483	0.9495	0.9458	0.9487	0.9497	0.9496
  I	1.2647	0.9488	0.9494	0.9473	0.9483	0.948	1.1713	0.9478	0	0.9479	0.9479	0.9477	0.9515	0.9477	0.9477	0.9461	0.9467	0.9501	0.9482	0.9485	0.9457	0.9485	0.9478	0.9495	0.9479	0.9477	0.9527	0.9476	0.9477	0.948	0.9482	0.9598	0.9474	0.9477	0.9477	0.955	0.9477	0.9476	0.9484	10.4699	0.9478	0.9485	0.9484
  J	0.9473	0.9488	0.9513	0.9478	0.9488	0.9486	0.9486	0.9487	0.9479	0	0.9486	0.9486	0.9536	0.9486	0.9485	0.9464	0.9473	0.9494	1.0177	0.9489	0.9459	0.9497	0.9487	0.9509	0.9481	0.9486	0.9543	0.9485	0.9485	0.9493	1.394	1.0106	0.9483	0.9486	0.9486	0.958	0.9486	0.9483	0.9496	0.9471	0.9487	0.9498	0.9496
  K	1.0302	1.3473	0.9503	0.9476	0.949	0.9484	0.9484	0.9486	0.9479	0.9486	0	0.9484	0.9533	0.9484	0.9483	0.9461	0.947	0.9485	0.9488	0.9495	0.9454	0.9494	0.9486	0.9507	0.948	0.9483	0.9541	0.9483	0.9483	0.9487	0.9484	0.9584	0.948	0.9484	0.9484	0.9576	0.9482	0.9482	0.9493	0.995	0.9485	0.9495	0.9494
  L	0.947	0.9487	0.9502	0.9477	0.9486	0.9484	0.9484	0.9486	0.9477	0.9486	0.9484	0	0.9533	0.9484	0.9483	0.9462	0.9471	1.4224	0.9488	0.9486	0.9453	0.9494	0.9486	0.9507	0.9479	0.9483	0.9541	0.9483	0.9483	0.9487	0.9484	0.9585	0.948	0.9484	0.9484	0.9576	0.9482	0.9482	0.9493	0.9457	0.9485	0.9495	0.9494
  M	1.4798	0.9534	0.9561	0.9519	0.9536	0.9534	0.9531	0.9535	0.9515	0.9536	0.9533	0.9533	0	0.9533	0.9531	0.9515	0.9525	0.9551	0.9539	0.9539	0.9556	1.0175	0.9535	0.9699	0.9524	0.9536	1.216	0.9533	0.9532	0.9994	0.9894	1.2588	0.9534	0.9533	0.9534	1.0522	0.9535	0.9526	0.999	0.9525	0.9543	1.021	0.9949
  N	0.947	0.9487	0.9503	2.4181	0.9486	0.9484	0.9484	0.9486	0.9477	0.9486	0.9484	0.9484	0.9533	0	0.9483	1.5899	0.9472	1.0017	0.9488	0.9486	0.9454	0.9495	0.9486	0.9507	0.948	0.9484	0.9541	0.9649	0.9484	0.9488	0.9484	0.9583	0.9493	0.9521	0.9916	0.9576	0.9482	0.9482	0.9493	0.9456	0.9485	0.9495	0.9494
  O	0.9471	0.9486	0.9504	0.9476	0.9485	0.9483	0.9483	0.9484	0.9477	0.9485	0.9483	0.9483	0.9531	0.9483	0	0.9462	0.947	0.9486	0.9488	0.9485	1.8934	0.9496	0.9484	0.9505	0.9479	0.9498	0.9537	0.9482	0.9482	0.9487	0.9486	1.4381	0.948	0.9483	0.9483	0.9571	0.9487	0.9481	0.9494	0.9458	0.9484	0.9496	0.9494
  P	0.9467	0.9466	0.9482	4.5577	0.9464	0.9462	0.9462	0.9464	0.9461	0.9464	0.9461	0.9462	0.9515	1.5899	0.9462	0	0.9448	2.5634	0.9467	0.9464	1.4169	0.9473	0.9465	0.9488	0.946	0.9462	0.9523	0.9692	0.9462	0.9468	0.9463	0.9579	0.947	1.7168	0.9533	0.9565	0.9463	0.9462	0.9471	0.9447	0.9463	0.9473	0.9472
  Q	0.9463	0.9474	0.9491	0.9479	0.9475	0.9471	0.9471	1.6905	0.9467	0.9473	0.947	0.9471	0.9525	0.9472	0.947	0.9448	0	3.1981	0.9476	0.9473	0.944	0.9482	1.4788	0.9498	0.9467	0.9471	0.9534	0.9472	1.0598	1.2083	0.9476	0.9594	1.1968	0.9473	0.9472	0.9578	0.9472	0.947	0.9481	0.9453	0.9472	0.9483	0.9481
  R	0.9517	0.949	0.9526	2.9632	1.4225	0.9486	0.9486	1.1797	0.9501	0.9494	0.9485	1.4224	0.9551	1.0017	0.9486	2.5634	3.1981	0	0.9505	0.949	1.4209	0.9497	1.1466	0.9595	0.9488	0.9486	0.9698	1.2809	2.0074	1.5853	1.0361	1.1375	5.0617	1.8492	1.0022	1.4293	1.28	0.9483	0.9495	1.3875	0.9489	0.9497	0.9497
  S	0.9475	0.9491	0.9527	0.948	0.949	0.9488	0.9488	0.949	0.9482	1.0177	0.9488	0.9488	0.9539	0.9488	0.9488	0.9467	0.9476	0.9505	0	0.9492	0.9464	0.95	0.949	0.9511	0.9484	0.9489	0.9545	0.9487	0.9488	0.9499	1.3736	1.081	0.9485	0.9488	0.9488	0.9584	0.9491	0.9485	0.9499	0.9491	0.9489	0.9501	0.9499
  T	0.9858	1.2929	0.9509	0.9478	1.3231	0.9486	0.9486	0.9488	0.9485	0.9489	0.9495	0.9486	0.9539	0.9486	0.9485	0.9464	0.9473	0.949	0.9492	0	0.9743	0.9501	0.9488	0.9509	0.9484	0.951	0.9543	0.9485	0.9486	0.9494	0.9492	1.405	0.9483	0.9486	0.9486	0.9579	0.9485	0.9484	0.9499	1.0334	0.9488	0.9502	0.9499
  U	3.1342	0.9459	0.9485	1.4202	0.9455	0.946	0.9454	0.9455	0.9457	0.9459	0.9454	0.9453	0.9556	0.9454	1.8934	1.4169	0.944	1.4209	0.9464	0.9743	0	0.9501	0.9455	0.9476	0.9453	1.4468	0.9517	0.9456	0.9453	0.9517	0.9499	3.0949	0.945	0.9454	0.9453	0.9547	2.8604	3.3222	0.9493	0.9458	0.9455	0.9504	0.9489
  V	0.9477	0.9497	0.9517	0.9485	0.9497	0.9494	0.9494	0.9496	0.9485	0.9497	0.9494	0.9494	1.0175	0.9495	0.9496	0.9473	0.9482	0.9497	0.95	0.9501	0.9501	0	0.9496	0.9518	0.9489	0.9499	0.9554	0.9494	0.9494	0.9796	0.9692	1.1581	0.9491	0.9494	0.9495	0.9592	0.9499	0.9491	1.0208	0.9464	0.9498	1.0514	1.3462
  W	0.9471	0.9488	0.9504	0.9479	0.9488	0.9486	0.9485	1.0939	0.9478	0.9487	0.9486	0.9486	0.9535	0.9486	0.9484	0.9465	1.4788	1.1466	0.949	0.9488	0.9455	0.9496	0	0.9509	0.9481	0.9485	0.9543	0.9485	1.0112	0.949	0.9486	0.9586	1.2758	0.9486	0.9487	0.9578	0.9483	0.9483	0.9495	0.9457	0.9487	0.9497	0.9496
  X	0.9514	0.9509	0.953	0.9498	0.951	0.9507	0.9506	0.9509	0.9495	0.9509	0.9507	0.9507	0.9699	0.9507	0.9505	0.9488	0.9498	0.9595	0.9511	0.9509	0.9476	0.9518	0.9509	0	0.95	0.9506	0.9827	0.9507	0.9507	0.9515	0.9731	0.9628	0.951	0.9508	0.9507	1.366	0.9504	0.9502	0.9516	0.9479	0.9515	0.9518	0.9521
  Y	1.0123	0.9485	0.9497	0.9474	0.9483	1.3327	0.948	0.9481	0.9479	0.9481	0.948	0.9479	0.9524	0.948	0.9479	0.946	0.9467	0.9488	0.9484	0.9484	0.9453	0.9489	0.9481	0.95	0	0.9479	0.9533	0.9479	0.9479	0.9483	0.9481	0.9585	0.9476	0.9479	0.9479	0.9563	0.9478	0.9478	0.9488	3.4618	0.9481	0.9489	0.9488
  Z	0.9471	0.9486	0.9505	0.9476	0.9485	0.9484	0.9483	0.9485	0.9477	0.9486	0.9483	0.9483	0.9536	0.9484	0.9498	0.9462	0.9471	0.9486	0.9489	0.951	1.4468	0.9499	0.9485	0.9506	0.9479	0	0.9539	0.9483	0.9483	0.9493	0.949	1.424	0.948	0.9483	0.9484	0.9573	0.9487	0.9482	0.9497	0.9458	0.9485	0.95	0.9497
  [	1.0201	0.9544	0.9568	0.9526	0.9544	0.9543	0.9539	0.9542	0.9527	0.9543	0.9541	0.9541	1.216	0.9541	0.9537	0.9523	0.9534	0.9698	0.9545	0.9543	0.9517	0.9554	0.9543	0.9827	0.9533	0.9539	0	0.9541	0.954	0.9548	0.9688	0.9685	0.9544	0.9541	0.9542	1.5656	0.9541	0.9533	0.9552	0.957	0.9555	0.9555	0.956
  \	0.9471	0.9486	0.9502	1.4057	0.9486	0.9484	0.9483	0.9485	0.9476	0.9485	0.9483	0.9483	0.9533	0.9649	0.9482	0.9692	0.9472	1.2809	0.9487	0.9485	0.9456	0.9494	0.9485	0.9507	0.9479	0.9483	0.9541	0	0.9484	0.9487	0.9483	0.9588	0.9484	0.9485	0.9483	0.9577	1.31	0.9481	0.9492	0.9456	0.9484	0.9494	0.9493
  ]	0.947	0.9486	0.9502	0.9478	0.9486	0.9483	0.9483	0.9487	0.9477	0.9485	0.9483	0.9483	0.9532	0.9484	0.9482	0.9462	1.0598	2.0074	0.9488	0.9486	0.9453	0.9494	1.0112	0.9507	0.9479	0.9483	0.954	0.9484	0	0.9488	0.9485	0.9587	0.9495	0.9484	0.9484	0.9577	0.9482	0.9481	0.9492	0.9458	0.9485	0.9494	0.9493
  ^	0.9474	0.949	0.9509	0.9481	0.9489	0.9487	0.9487	1.0597	0.948	0.9493	0.9487	0.9487	0.9994	0.9488	0.9487	0.9468	1.2083	1.5853	0.9499	0.9494	0.9517	0.9796	0.949	0.9515	0.9483	0.9493	0.9548	0.9487	0.9488	0	2.6289	1.2306	0.9494	0.9488	0.9487	0.9633	0.9489	0.9485	0.9722	0.9465	0.9489	0.9814	0.9695
  _	0.949	0.9487	0.9576	0.948	0.9487	0.9484	0.9484	0.9487	0.9482	1.394	0.9484	0.9484	0.9894	0.9484	0.9486	0.9463	0.9476	1.0361	1.3736	0.9492	0.9499	0.9692	0.9486	0.9731	0.9481	0.949	0.9688	0.9483	0.9485	2.6289	0	1.5431	0.9489	0.9486	0.9484	1.4709	0.9495	0.9482	0.9644	0.9568	0.9489	0.9705	0.9628
  `	0.9685	0.9584	1.4576	0.9571	0.9591	0.9586	0.9583	0.9586	0.9598	1.0106	0.9584	0.9585	1.2588	0.9583	1.4381	0.9579	0.9594	1.1375	1.081	1.405	3.0949	1.1581	0.9586	0.9628	0.9585	1.424	0.9685	0.9588	0.9587	1.2306	1.5431	0	0.9607	0.9588	0.9585	0.9805	2.4306	0.9574	1.1193	1.3171	0.9591	1.1725	1.0961
  a	0.9469	0.9484	0.9501	1.2821	0.9484	0.948	0.948	1.2118	0.9474	0.9483	0.948	0.948	0.9534	0.9493	0.948	0.947	1.1968	5.0617	0.9485	0.9483	0.945	0.9491	1.2758	0.951	0.9476	0.948	0.9544	0.9484	0.9495	0.9494	0.9489	0.9607	0	0.9514	1.4164	0.9592	0.9483	0.9479	0.949	0.9467	0.9482	0.9492	0.9491
  b	0.9471	0.9487	0.9503	2.0005	0.9486	0.9484	0.9484	0.9486	0.9477	0.9486	0.9484	0.9484	0.9533	0.9521	0.9483	1.7168	0.9473	1.8492	0.9488	0.9486	0.9454	0.9494	0.9486	0.9508	0.9479	0.9483	0.9541	0.9485	0.9484	0.9488	0.9486	0.9588	0.9514	0	0.9501	0.9578	0.9482	0.9482	0.9493	0.9459	0.9485	0.9495	0.9494
  c	0.947	0.9487	0.9503	1.34	0.9486	0.9484	0.9484	0.9487	0.9477	0.9486	0.9484	0.9484	0.9534	0.9916	0.9483	0.9533	0.9472	1.0022	0.9488	0.9486	0.9453	0.9495	0.9487	0.9507	0.9479	0.9484	0.9542	0.9483	0.9484	0.9487	0.9484	0.9585	1.4164	0.9501	0	0.9577	0.9481	0.9482	0.9493	0.9455	0.9485	0.9495	0.9494
  d	0.9738	0.9575	0.9622	0.956	0.9581	0.9576	0.9573	0.9577	0.955	0.958	0.9576	0.9576	1.0522	0.9576	0.9571	0.9565	0.9578	1.4293	0.9584	0.9579	0.9547	0.9592	0.9578	1.366	0.9563	0.9573	1.5656	0.9577	0.9577	0.9633	1.4709	0.9805	0.9592	0.9578	0.9577	0	0.9575	0.9564	0.9589	0.9561	1.4536	0.9591	1.1723
  e	1.7871	0.9485	0.9517	0.9478	0.9484	1.2867	0.9481	0.9483	0.9477	0.9486	0.9482	0.9482	0.9535	0.9482	0.9487	0.9463	0.9472	1.28	0.9491	0.9485	2.8604	0.9499	0.9483	0.9504	0.9478	0.9487	0.9541	1.31	0.9482	0.9489	0.9495	2.4306	0.9483	0.9482	0.9481	0.9575	0	0.948	0.9497	0.9551	0.9483	0.95	0.9497
  f	0.9471	0.9484	0.9499	0.9475	0.9483	0.9482	0.9482	0.9483	0.9476	0.9483	0.9482	0.9482	0.9526	0.9482	0.9481	0.9462	0.947	0.9483	0.9485	0.9484	3.3222	0.9491	0.9483	0.9502	0.9478	0.9482	0.9533	0.9481	0.9481	0.9485	0.9482	0.9574	0.9479	0.9482	0.9482	0.9564	0.948	0	0.949	0.9457	0.9483	0.9492	0.9491
  g	0.9476	0.9495	0.9515	0.9484	0.9495	0.9493	0.9493	0.9495	0.9484	0.9496	0.9493	0.9493	0.999	0.9493	0.9494	0.9471	0.9481	0.9495	0.9499	0.9499	0.9493	1.0208	0.9495	0.9516	0.9488	0.9497	0.9552	0.9492	0.9492	0.9722	0.9644	1.1193	0.949	0.9493	0.9493	0.9589	0.9497	0.949	0	0.9463	0.9495	1.2521	0.9951
  h	21.248	1.3486	0.9518	0.9461	0.9851	1.0487	1.2357	0.9458	10.4699	0.9471	0.995	0.9457	0.9525	0.9456	0.9458	0.9447	0.9453	1.3875	0.9491	1.0334	0.9458	0.9464	0.9457	0.9479	3.4618	0.9458	0.957	0.9456	0.9458	0.9465	0.9568	1.3171	0.9467	0.9459	0.9455	0.9561	0.9551	0.9457	0.9463	0	0.9457	0.9465	0.9463
  i	0.9473	0.9488	0.9505	0.9477	0.9487	0.9485	0.9485	0.9487	0.9478	0.9487	0.9485	0.9485	0.9543	0.9485	0.9484	0.9463	0.9472	0.9489	0.9489	0.9488	0.9455	0.9498	0.9487	0.9515	0.9481	0.9485	0.9555	0.9484	0.9485	0.9489	0.9489	0.9591	0.9482	0.9485	0.9485	1.4536	0.9483	0.9483	0.9495	0.9457	0	0.9498	1.2704
  j	0.9478	0.9497	0.9518	0.9486	0.9497	0.9495	0.9495	0.9497	0.9485	0.9498	0.9495	0.9495	1.021	0.9495	0.9496	0.9473	0.9483	0.9497	0.9501	0.9502	0.9504	1.0514	0.9497	0.9518	0.9489	0.95	0.9555	0.9494	0.9494	0.9814	0.9705	1.1725	0.9492	0.9495	0.9495	0.9591	0.95	0.9492	1.2521	0.9465	0.9498	0	1.016
  k	0.9477	0.9496	0.9516	0.9485	0.9496	0.9494	0.9493	0.9496	0.9484	0.9496	0.9494	0.9494	0.9949	0.9494	0.9494	0.9472	0.9481	0.9497	0.9499	0.9499	0.9489	1.3462	0.9496	0.9521	0.9488	0.9497	0.956	0.9493	0.9493	0.9695	0.9628	1.0961	0.9491	0.9494	0.9494	1.1723	0.9497	0.9491	0.9951	0.9463	1.2704	1.016	0

Actual rates from j->i (Q_ij):
	A	B	C	D	E	F	G	H	I	J	K	L	M	N	O	P	Q	R	S	T	U	V	W	X	Y	Z	[	\	]	^	_	`	a	b	c	d	e	f	g	h	i	j	k
  A	0	0.0177	0.0116	0.0116	0.0118	0.0154	0.0116	0.0116	0.0155	0.0116	0.0126	0.0116	0.0182	0.0116	0.0116	0.0116	0.0116	0.0117	0.0116	0.0121	0.0385	0.0116	0.0116	0.0117	0.0124	0.0116	0.0125	0.0116	0.0116	0.0116	0.0116	0.0119	0.0116	0.0116	0.0116	0.0119	0.0219	0.0116	0.0116	0.2608	0.0116	0.0116	0.0116
  B	0.0334	0	0.022	0.022	0.0261	0.022	0.022	0.022	0.022	0.022	0.0312	0.022	0.0221	0.022	0.022	0.0219	0.022	0.022	0.022	0.03	0.0219	0.022	0.022	0.022	0.022	0.022	0.0221	0.022	0.022	0.022	0.022	0.0222	0.022	0.022	0.022	0.0222	0.022	0.022	0.022	0.0313	0.022	0.022	0.022
  C	0.023	0.0231	0	0.023	0.0231	0.0231	0.0231	0.0231	0.023	0.0231	0.0231	0.0231	0.0232	0.0231	0.0231	0.023	0.023	0.0231	0.0231	0.0231	0.023	0.0231	0.0231	0.0231	0.0231	0.0231	0.0232	0.0231	0.0231	0.0231	0.0232	0.0354	0.0231	0.0231	0.0231	0.0234	0.0231	0.0231	0.0231	0.0231	0.0231	0.0231	0.0231
  D	0.0188	0.0188	0.0188	0	0.0188	0.0188	0.0188	0.0188	0.0188	0.0188	0.0188	0.0188	0.0189	0.048	0.0188	0.0904	0.0188	0.0588	0.0188	0.0188	0.0282	0.0188	0.0188	0.0188	0.0188	0.0188	0.0189	0.0279	0.0188	0.0188	0.0188	0.019	0.0254	0.0397	0.0266	0.019	0.0188	0.0188	0.0188	0.0188	0.0188	0.0188	0.0188
  E	0.0239	0.0279	0.0236	0.0235	0	0.0235	0.0235	0.0235	0.0235	0.0235	0.0235	0.0235	0.0237	0.0235	0.0235	0.0235	0.0235	0.0353	0.0235	0.0328	0.0235	0.0236	0.0235	0.0236	0.0235	0.0235	0.0237	0.0235	0.0235	0.0235	0.0235	0.0238	0.0235	0.0235	0.0235	0.0238	0.0235	0.0235	0.0236	0.0244	0.0235	0.0236	0.0236
  F	0.0306	0.0231	0.0232	0.0231	0.0231	0	0.0231	0.0231	0.0231	0.0231	0.0231	0.0231	0.0232	0.0231	0.0231	0.0231	0.0231	0.0231	0.0231	0.0231	0.0231	0.0231	0.0231	0.0232	0.0325	0.0231	0.0233	0.0231	0.0231	0.0231	0.0231	0.0234	0.0231	0.0231	0.0231	0.0233	0.0314	0.0231	0.0231	0.0256	0.0231	0.0231	0.0231
  G	0.0227	0.0228	0.0228	0.0227	0.0227	0.0227	0	0.0227	0.0281	0.0227	0.0227	0.0227	0.0229	0.0227	0.0227	0.0227	0.0227	0.0227	0.0228	0.0227	0.0227	0.0228	0.0227	0.0228	0.0227	0.0227	0.0229	0.0227	0.0227	0.0228	0.0227	0.023	0.0227	0.0227	0.0227	0.023	0.0227	0.0227	0.0228	0.0296	0.0227	0.0228	0.0228
  H	0.023	0.023	0.0231	0.023	0.023	0.023	0.023	0	0.023	0.023	0.023	0.023	0.0231	0.023	0.023	0.023	0.041	0.0286	0.023	0.023	0.0229	0.023	0.0265	0.0231	0.023	0.023	0.0232	0.023	0.023	0.0257	0.023	0.0233	0.0294	0.023	0.023	0.0232	0.023	0.023	0.023	0.0229	0.023	0.023	0.023
  I	0.0216	0.0162	0.0162	0.0162	0.0162	0.0162	0.02	0.0162	0	0.0162	0.0162	0.0162	0.0163	0.0162	0.0162	0.0162	0.0162	0.0162	0.0162	0.0162	0.0162	0.0162	0.0162	0.0162	0.0162	0.0162	0.0163	0.0162	0.0162	0.0162	0.0162	0.0164	0.0162	0.0162	0.0162	0.0163	0.0162	0.0162	0.0162	0.1789	0.0162	0.0162	0.0162
  J	0.0227	0.0228	0.0228	0.0228	0.0228	0.0228	0.0228	0.0228	0.0228	0	0.0228	0.0228	0.0229	0.0228	0.0228	0.0227	0.0228	0.0228	0.0244	0.0228	0.0227	0.0228	0.0228	0.0228	0.0228	0.0228	0.0229	0.0228	0.0228	0.0228	0.0335	0.0243	0.0228	0.0228	0.0228	0.023	0.0228	0.0228	0.0228	0.0227	0.0228	0.0228	0.0228
  K	0.0253	0.033	0.0233	0.0232	0.0233	0.0233	0.0233	0.0233	0.0232	0.0233	0	0.0233	0.0234	0.0233	0.0232	0.0232	0.0232	0.0233	0.0233	0.0233	0.0232	0.0233	0.0233	0.0233	0.0232	0.0232	0.0234	0.0232	0.0232	0.0233	0.0233	0.0235	0.0232	0.0233	0.0233	0.0235	0.0232	0.0232	0.0233	0.0244	0.0233	0.0233	0.0233
  L	0.0231	0.0231	0.0231	0.0231	0.0231	0.0231	0.0231	0.0231	0.0231	0.0231	0.0231	0	0.0232	0.0231	0.0231	0.023	0.0231	0.0346	0.0231	0.0231	0.023	0.0231	0.0231	0.0232	0.0231	0.0231	0.0232	0.0231	0.0231	0.0231	0.0231	0.0233	0.0231	0.0231	0.0231	0.0233	0.0231	0.0231	0.0231	0.023	0.0231	0.0231	0.0231
  M	0.0352	0.0227	0.0228	0.0227	0.0227	0.0227	0.0227	0.0227	0.0227	0.0227	0.0227	0.0227	0	0.0227	0.0227	0.0227	0.0227	0.0227	0.0227	0.0227	0.0228	0.0242	0.0227	0.0231	0.0227	0.0227	0.029	0.0227	0.0227	0.0238	0.0236	0.03	0.0227	0.0227	0.0227	0.0251	0.0227	0.0227	0.0238	0.0227	0.0227	0.0243	0.0237
  N	0.0233	0.0233	0.0233	0.0594	0.0233	0.0233	0.0233	0.0233	0.0233	0.0233	0.0233	0.0233	0.0234	0	0.0233	0.0391	0.0233	0.0246	0.0233	0.0233	0.0232	0.0233	0.0233	0.0234	0.0233	0.0233	0.0234	0.0237	0.0233	0.0233	0.0233	0.0235	0.0233	0.0234	0.0244	0.0235	0.0233	0.0233	0.0233	0.0232	0.0233	0.0233	0.0233
  O	0.022	0.0221	0.0221	0.0221	0.0221	0.0221	0.0221	0.0221	0.0221	0.0221	0.0221	0.0221	0.0222	0.0221	0	0.022	0.022	0.0221	0.0221	0.0221	0.0441	0.0221	0.0221	0.0221	0.0221	0.0221	0.0222	0.0221	0.0221	0.0221	0.0221	0.0335	0.0221	0.0221	0.0221	0.0223	0.0221	0.0221	0.0221	0.022	0.0221	0.0221	0.0221
  P	0.0245	0.0245	0.0245	0.1178	0.0245	0.0245	0.0245	0.0245	0.0245	0.0245	0.0245	0.0245	0.0246	0.0411	0.0245	0	0.0244	0.0663	0.0245	0.0245	0.0366	0.0245	0.0245	0.0245	0.0245	0.0245	0.0246	0.0251	0.0245	0.0245	0.0245	0.0248	0.0245	0.0444	0.0246	0.0247	0.0245	0.0245	0.0245	0.0244	0.0245	0.0245	0.0245
  Q	0.0252	0.0252	0.0253	0.0253	0.0252	0.0252	0.0252	0.045	0.0252	0.0252	0.0252	0.0252	0.0254	0.0252	0.0252	0.0252	0	0.0852	0.0252	0.0252	0.0252	0.0253	0.0394	0.0253	0.0252	0.0252	0.0254	0.0252	0.0282	0.0322	0.0252	0.0256	0.0319	0.0252	0.0252	0.0255	0.0252	0.0252	0.0253	0.0252	0.0252	0.0253	0.0253
  R	0.02	0.0199	0.02	0.0622	0.0298	0.0199	0.0199	0.0248	0.0199	0.0199	0.0199	0.0298	0.02	0.021	0.0199	0.0538	0.0671	0	0.0199	0.0199	0.0298	0.0199	0.0241	0.0201	0.0199	0.0199	0.0203	0.0269	0.0421	0.0333	0.0217	0.0239	0.1062	0.0388	0.021	0.03	0.0269	0.0199	0.0199	0.0291	0.0199	0.0199	0.0199
  S	0.0227	0.0227	0.0228	0.0227	0.0227	0.0227	0.0227	0.0227	0.0227	0.0244	0.0227	0.0227	0.0228	0.0227	0.0227	0.0227	0.0227	0.0228	0	0.0227	0.0227	0.0227	0.0227	0.0228	0.0227	0.0227	0.0229	0.0227	0.0227	0.0227	0.0329	0.0259	0.0227	0.0227	0.0227	0.0229	0.0227	0.0227	0.0227	0.0227	0.0227	0.0227	0.0227
  T	0.024	0.0315	0.0232	0.0231	0.0322	0.0231	0.0231	0.0231	0.0231	0.0231	0.0231	0.0231	0.0232	0.0231	0.0231	0.023	0.0231	0.0231	0.0231	0	0.0237	0.0231	0.0231	0.0232	0.0231	0.0232	0.0232	0.0231	0.0231	0.0231	0.0231	0.0342	0.0231	0.0231	0.0231	0.0233	0.0231	0.0231	0.0231	0.0252	0.0231	0.0231	0.0231
  U	0.067	0.0202	0.0203	0.0303	0.0202	0.0202	0.0202	0.0202	0.0202	0.0202	0.0202	0.0202	0.0204	0.0202	0.0404	0.0303	0.0202	0.0304	0.0202	0.0208	0	0.0203	0.0202	0.0202	0.0202	0.0309	0.0203	0.0202	0.0202	0.0203	0.0203	0.0661	0.0202	0.0202	0.0202	0.0204	0.0611	0.071	0.0203	0.0202	0.0202	0.0203	0.0203
  V	0.0232	0.0232	0.0233	0.0232	0.0232	0.0232	0.0232	0.0232	0.0232	0.0232	0.0232	0.0232	0.0249	0.0232	0.0232	0.0231	0.0232	0.0232	0.0232	0.0232	0.0232	0	0.0232	0.0233	0.0232	0.0232	0.0233	0.0232	0.0232	0.0239	0.0237	0.0283	0.0232	0.0232	0.0232	0.0234	0.0232	0.0232	0.0249	0.0231	0.0232	0.0257	0.0329
  W	0.0232	0.0232	0.0233	0.0232	0.0232	0.0232	0.0232	0.0268	0.0232	0.0232	0.0232	0.0232	0.0234	0.0232	0.0232	0.0232	0.0362	0.0281	0.0233	0.0232	0.0232	0.0233	0	0.0233	0.0232	0.0232	0.0234	0.0232	0.0248	0.0233	0.0232	0.0235	0.0313	0.0232	0.0232	0.0235	0.0232	0.0232	0.0233	0.0232	0.0232	0.0233	0.0233
  X	0.0233	0.0233	0.0233	0.0233	0.0233	0.0233	0.0233	0.0233	0.0233	0.0233	0.0233	0.0233	0.0238	0.0233	0.0233	0.0232	0.0233	0.0235	0.0233	0.0233	0.0232	0.0233	0.0233	0	0.0233	0.0233	0.0241	0.0233	0.0233	0.0233	0.0238	0.0236	0.0233	0.0233	0.0233	0.0335	0.0233	0.0233	0.0233	0.0232	0.0233	0.0233	0.0233
  Y	0.0218	0.0204	0.0205	0.0204	0.0204	0.0287	0.0204	0.0204	0.0204	0.0204	0.0204	0.0204	0.0205	0.0204	0.0204	0.0204	0.0204	0.0204	0.0204	0.0204	0.0204	0.0204	0.0204	0.0205	0	0.0204	0.0205	0.0204	0.0204	0.0204	0.0204	0.0207	0.0204	0.0204	0.0204	0.0206	0.0204	0.0204	0.0204	0.0746	0.0204	0.0204	0.0204
  Z	0.0223	0.0224	0.0224	0.0224	0.0224	0.0224	0.0224	0.0224	0.0224	0.0224	0.0224	0.0224	0.0225	0.0224	0.0224	0.0223	0.0223	0.0224	0.0224	0.0224	0.0341	0.0224	0.0224	0.0224	0.0224	0	0.0225	0.0224	0.0224	0.0224	0.0224	0.0336	0.0224	0.0224	0.0224	0.0226	0.0224	0.0224	0.0224	0.0223	0.0224	0.0224	0.0224
  [	0.0252	0.0236	0.0237	0.0236	0.0236	0.0236	0.0236	0.0236	0.0236	0.0236	0.0236	0.0236	0.0301	0.0236	0.0236	0.0236	0.0236	0.024	0.0236	0.0236	0.0235	0.0236	0.0236	0.0243	0.0236	0.0236	0	0.0236	0.0236	0.0236	0.024	0.024	0.0236	0.0236	0.0236	0.0387	0.0236	0.0236	0.0236	0.0237	0.0236	0.0236	0.0236
  \	0.0235	0.0235	0.0236	0.0348	0.0235	0.0235	0.0235	0.0235	0.0235	0.0235	0.0235	0.0235	0.0236	0.0239	0.0235	0.024	0.0235	0.0318	0.0235	0.0235	0.0234	0.0235	0.0235	0.0236	0.0235	0.0235	0.0237	0	0.0235	0.0235	0.0235	0.0238	0.0235	0.0235	0.0235	0.0237	0.0325	0.0235	0.0235	0.0234	0.0235	0.0235	0.0235
  ]	0.0229	0.0229	0.023	0.0229	0.0229	0.0229	0.0229	0.0229	0.0229	0.0229	0.0229	0.0229	0.023	0.0229	0.0229	0.0229	0.0256	0.0485	0.0229	0.0229	0.0228	0.0229	0.0244	0.023	0.0229	0.0229	0.023	0.0229	0	0.0229	0.0229	0.0232	0.0229	0.0229	0.0229	0.0231	0.0229	0.0229	0.0229	0.0229	0.0229	0.0229	0.0229
  ^	0.0216	0.0216	0.0217	0.0216	0.0216	0.0216	0.0216	0.0241	0.0216	0.0216	0.0216	0.0216	0.0228	0.0216	0.0216	0.0216	0.0275	0.0361	0.0216	0.0216	0.0217	0.0223	0.0216	0.0217	0.0216	0.0216	0.0218	0.0216	0.0216	0	0.0599	0.028	0.0216	0.0216	0.0216	0.0219	0.0216	0.0216	0.0222	0.0216	0.0216	0.0224	0.0221
  _	0.025	0.025	0.0252	0.0249	0.025	0.0249	0.0249	0.025	0.0249	0.0367	0.0249	0.025	0.026	0.0249	0.025	0.0249	0.0249	0.0273	0.0361	0.025	0.025	0.0255	0.025	0.0256	0.0249	0.025	0.0255	0.0249	0.025	0.0692	0	0.0406	0.025	0.025	0.0249	0.0387	0.025	0.0249	0.0254	0.0252	0.025	0.0255	0.0253
  `	0.0203	0.0201	0.0306	0.0201	0.0201	0.0201	0.0201	0.0201	0.0201	0.0212	0.0201	0.0201	0.0264	0.0201	0.0302	0.0201	0.0201	0.0238	0.0227	0.0295	0.0649	0.0243	0.0201	0.0202	0.0201	0.0299	0.0203	0.0201	0.0201	0.0258	0.0324	0	0.0201	0.0201	0.0201	0.0206	0.051	0.0201	0.0235	0.0276	0.0201	0.0246	0.023
  a	0.0239	0.0239	0.0239	0.0323	0.0239	0.0239	0.0239	0.0305	0.0239	0.0239	0.0239	0.0239	0.024	0.0239	0.0239	0.0239	0.0302	0.1276	0.0239	0.0239	0.0238	0.0239	0.0322	0.024	0.0239	0.0239	0.0241	0.0239	0.0239	0.0239	0.0239	0.0242	0	0.024	0.0357	0.0242	0.0239	0.0239	0.0239	0.0239	0.0239	0.0239	0.0239
  b	0.0229	0.023	0.023	0.0484	0.023	0.023	0.023	0.023	0.0229	0.023	0.023	0.023	0.0231	0.0231	0.023	0.0416	0.0229	0.0448	0.023	0.023	0.0229	0.023	0.023	0.023	0.0229	0.023	0.0231	0.023	0.023	0.023	0.023	0.0232	0.023	0	0.023	0.0232	0.023	0.023	0.023	0.0229	0.023	0.023	0.023
  c	0.0235	0.0235	0.0236	0.0333	0.0235	0.0235	0.0235	0.0235	0.0235	0.0235	0.0235	0.0235	0.0237	0.0246	0.0235	0.0237	0.0235	0.0249	0.0236	0.0235	0.0235	0.0236	0.0235	0.0236	0.0235	0.0235	0.0237	0.0235	0.0235	0.0236	0.0235	0.0238	0.0352	0.0236	0	0.0238	0.0235	0.0235	0.0236	0.0235	0.0235	0.0236	0.0236
  d	0.0238	0.0234	0.0235	0.0234	0.0234	0.0234	0.0234	0.0234	0.0233	0.0234	0.0234	0.0234	0.0257	0.0234	0.0234	0.0234	0.0234	0.0349	0.0234	0.0234	0.0233	0.0234	0.0234	0.0334	0.0234	0.0234	0.0383	0.0234	0.0234	0.0235	0.036	0.024	0.0234	0.0234	0.0234	0	0.0234	0.0234	0.0234	0.0234	0.0355	0.0234	0.0287
  e	0.0403	0.0214	0.0214	0.0214	0.0214	0.029	0.0214	0.0214	0.0214	0.0214	0.0214	0.0214	0.0215	0.0214	0.0214	0.0213	0.0213	0.0288	0.0214	0.0214	0.0645	0.0214	0.0214	0.0214	0.0214	0.0214	0.0215	0.0295	0.0214	0.0214	0.0214	0.0548	0.0214	0.0214	0.0214	0.0216	0	0.0214	0.0214	0.0215	0.0214	0.0214	0.0214
  f	0.0204	0.0204	0.0204	0.0204	0.0204	0.0204	0.0204	0.0204	0.0204	0.0204	0.0204	0.0204	0.0205	0.0204	0.0204	0.0204	0.0204	0.0204	0.0204	0.0204	0.0715	0.0204	0.0204	0.0204	0.0204	0.0204	0.0205	0.0204	0.0204	0.0204	0.0204	0.0206	0.0204	0.0204	0.0204	0.0206	0.0204	0	0.0204	0.0203	0.0204	0.0204	0.0204
  g	0.0232	0.0233	0.0233	0.0232	0.0233	0.0233	0.0233	0.0233	0.0232	0.0233	0.0233	0.0233	0.0245	0.0233	0.0233	0.0232	0.0232	0.0233	0.0233	0.0233	0.0233	0.025	0.0233	0.0233	0.0232	0.0233	0.0234	0.0233	0.0233	0.0238	0.0236	0.0274	0.0232	0.0233	0.0233	0.0235	0.0233	0.0233	0	0.0232	0.0233	0.0307	0.0244
  h	0.3144	0.02	0.0141	0.014	0.0146	0.0155	0.0183	0.014	0.1549	0.014	0.0147	0.014	0.0141	0.014	0.014	0.014	0.014	0.0205	0.014	0.0153	0.014	0.014	0.014	0.014	0.0512	0.014	0.0142	0.014	0.014	0.014	0.0142	0.0195	0.014	0.014	0.014	0.0141	0.0141	0.014	0.014	0	0.014	0.014	0.014
  i	0.0232	0.0233	0.0233	0.0232	0.0233	0.0233	0.0233	0.0233	0.0232	0.0233	0.0233	0.0233	0.0234	0.0233	0.0233	0.0232	0.0232	0.0233	0.0233	0.0233	0.0232	0.0233	0.0233	0.0233	0.0232	0.0233	0.0234	0.0233	0.0233	0.0233	0.0233	0.0235	0.0232	0.0233	0.0233	0.0356	0.0232	0.0232	0.0233	0.0232	0	0.0233	0.0311
  j	0.0231	0.0232	0.0232	0.0232	0.0232	0.0232	0.0232	0.0232	0.0232	0.0232	0.0232	0.0232	0.0249	0.0232	0.0232	0.0231	0.0232	0.0232	0.0232	0.0232	0.0232	0.0257	0.0232	0.0232	0.0232	0.0232	0.0233	0.0232	0.0232	0.024	0.0237	0.0286	0.0232	0.0232	0.0232	0.0234	0.0232	0.0232	0.0306	0.0231	0.0232	0	0.0248
  k	0.0237	0.0237	0.0238	0.0237	0.0237	0.0237	0.0237	0.0237	0.0237	0.0237	0.0237	0.0237	0.0248	0.0237	0.0237	0.0236	0.0237	0.0237	0.0237	0.0237	0.0237	0.0336	0.0237	0.0238	0.0237	0.0237	0.0239	0.0237	0.0237	0.0242	0.024	0.0274	0.0237	0.0237	0.0237	0.0293	0.0237	0.0237	0.0248	0.0236	0.0317	0.0254	0
