Map from character to field name
A:	AZ
B:	Abaiara, Ceara
C:	Albany Co., NY
D:	Alpine,California
E:	Astrakhan
F:	Astrakhan region
G:	Bakersfield,California
H:	Barkedji region
I:	Bekescsaba
J:	Belgrade
K:	Broome Co., NY
L:	Budapest
M:	California
N:	Campania
O:	Campania region
P:	Connecticut
Q:	Cuidad Juarez, Chihuahua State
R:	Curug
S:	Dagestan
T:	Debrecen
U:	Del_Mar,California
V:	Denton Co. TX
W:	Dunaujvaros
X:	Emilia Romagna
Y:	Emilia-Romagna region
Z:	Enisala
[:	Enying
\:	Erie Co., NY
]:	Escondido,California
^:	Espirito Santo state, Joao Neiva municipality
_:	Finley,California
`:	Florida
a:	Fort Bend Co. TX
b:	Fresno,California
c:	Friuli Venezia Giulia
d:	GA
e:	GA, Chattron County
f:	GA, Lowndes County
g:	Gulf of Carpentaria, Queensland
h:	Hajduszoboszlo
i:	Hallett, South Australia
j:	Harris Co., Texas
k:	ID
l:	Ijara, North Eastern Province
m:	Illinois
n:	Illinois, West Chicago suburbs
o:	Ipira, Bahia
p:	Itagiba, Bahia
q:	Jaszbereny
r:	Jaszkiser
s:	Jefferson Co., NY
t:	Kalmikia
u:	Karavukovo
v:	Kecskemet
w:	Kerman,California
x:	Kimberley Region, Western Australia
y:	Kingsburg,California
z:	Kiskunhalas
{:	Kiskunmajsa
|:	Kisujszallas
}:	La_Verne,California
~:	Lemoore,California
:	Lombardy
:	Mali Idjos
:	Martfu
:	Matyasdomb
:	Minas Gerais
:	Mongu district
:	Monroe Co., NY
:	Montgomery Co., NY
:	ND
:	NM
:	NY, Nassau
:	Nassau Co., NY
:	Necker Island
:	New Mexico
:	New South Wales
:	New York
:	Niagara Co., NY
:	Novi Becej
:	Novi Sad
:	Nyiregyhaza
:	Ontario,California
:	Opovo
:	Orange Co., NY
:	Oroshaza
:	Parlier,California
:	Pasadena, Harris Co., Texas
:	Piaui
:	Piedmont
:	Piemonte
:	Piemonte region
:	Pilbara Region, Western Australia
:	Province of Utrecht
:	Province of Utrecht, Haarzuilens
 :	Province of Utrecht, Vleuten
¡:	Queens Co., NY
¢:	Rockland Co., NY
£:	Rostov
¤:	SD
¥:	San_Andreas,California
¦:	San_Diego,California
§:	Santee,California
¨:	Sao Paulo
©:	Saratoga Co., NY
ª:	Sardegna region
«:	Sardinia region
¬:	Secovce
­:	Sombor
®:	South Moravia, Mlynsky fishpond at Lednice
¯:	South Moravia, Nesyt fishpond at Mikulov
°:	South Moravia, Novy fishpond at Mikulov
±:	South_Gate,California
²:	Stavropol
³:	Subotica
´:	Suffolk Co., NY
µ:	Szentmartonkata
¶:	TX
·:	Tahitotfalu
¸:	Temerin
¹:	Texas
º:	Thousand_Oaks,California
»:	Tiegerpoort, Pretoria
¼:	Tisza
½:	Tiszaluc
¾:	Tuscany
¿:	Ujtelek
À:	Umbria region
Á:	Urupinsk
Â:	VA, Norfolk County
Ã:	Valley_Center,California
Ä:	Velky Biel
Å:	Veneto
Æ:	Veneto region, Venice province
Ç:	Victoria
È:	Volgograd
É:	Volgograd region
Ê:	Voronezh
Ë:	Westchester Co., NY
Ì:	Wisconsin
Í:	Wyoming Co., NY
Î:	?


Substitution rate (mu): 344.91274

Equilibrium frequencies (pi_i):
  A: 0.0071
  B: 0.0071
  C: 0.0069
  D: 0.0071
  E: 0.0071
  F: 0.0071
  G: 0.007
  H: 0.007
  I: 0.0071
  J: 0.0071
  K: 0.0071
  L: 0.0071
  M: 0.0071
  N: 0.0071
  O: 0.0071
  P: 0.0069
  Q: 0.0071
  R: 0.0071
  S: 0.0071
  T: 0.0071
  U: 0.0071
  V: 0.0071
  W: 0.0072
  X: 0.007
  Y: 0.0069
  Z: 0.0071
  [: 0.0071
  \: 0.0071
  ]: 0.0072
  ^: 0.0071
  _: 0.0071
  `: 0.0071
  a: 0.0071
  b: 0.0069
  c: 0.0071
  d: 0.0071
  e: 0.0071
  f: 0.0071
  g: 0.0071
  h: 0.0071
  i: 0.0071
  j: 0.0071
  k: 0.0071
  l: 0.0071
  m: 0.0071
  n: 0.0071
  o: 0.0071
  p: 0.0071
  q: 0.0071
  r: 0.0071
  s: 0.0071
  t: 0.007
  u: 0.0071
  v: 0.0071
  w: 0.0071
  x: 0.0071
  y: 0.0071
  z: 0.0071
  {: 0.0071
  |: 0.0071
  }: 0.0071
  ~: 0.0071
  : 0.007
  : 0.0071
  : 0.007
  : 0.0071
  : 0.0071
  : 0.0071
  : 0.0072
  : 0.0072
  : 0.0071
  : 0.0071
  : 0.0071
  : 0.007
  : 0.0071
  : 0.0071
  : 0.0071
  : 0.0071
  : 0.0071
  : 0.0071
  : 0.0071
  : 0.0071
  : 0.0072
  : 0.0071
  : 0.0071
  : 0.0071
  : 0.0071
  : 0.0071
  : 0.0071
  : 0.0071
  : 0.0071
  : 0.007
  : 0.0071
  : 0.0071
  : 0.0072
   : 0.0071
  ¡: 0.0071
  ¢: 0.0071
  £: 0.007
  ¤: 0.0071
  ¥: 0.0071
  ¦: 0.0071
  §: 0.0071
  ¨: 0.0071
  ©: 0.0071
  ª: 0.0071
  «: 0.0071
  ¬: 0.0071
  ­: 0.0071
  ®: 0.0069
  ¯: 0.007
  °: 0.0071
  ±: 0.0071
  ²: 0.007
  ³: 0.0071
  ´: 0.0072
  µ: 0.0071
  ¶: 0.0071
  ·: 0.0071
  ¸: 0.0071
  ¹: 0.0071
  º: 0.0071
  »: 0.0071
  ¼: 0.0071
  ½: 0.0071
  ¾: 0.0071
  ¿: 0.0071
  À: 0.0071
  Á: 0.0071
  Â: 0.007
  Ã: 0.0071
  Ä: 0.0069
  Å: 0.007
  Æ: 0.007
  Ç: 0.0071
  È: 0.0072
  É: 0.0067
  Ê: 0.0071
  Ë: 0.0072
  Ì: 0.0071
  Í: 0.0071

Symmetrized rates from j->i (W_ij):
	A	B	C	D	E	F	G	H	I	J	K	L	M	N	O	P	Q	R	S	T	U	V	W	X	Y	Z	[	\	]	^	_	`	a	b	c	d	e	f	g	h	i	j	k	l	m	n	o	p	q	r	s	t	u	v	w	x	y	z	{	|	}	~																																		 	¡	¢	£	¤	¥	¦	§	¨	©	ª	«	¬	­	®	¯	°	±	²	³	´	µ	¶	·	¸	¹	º	»	¼	½	¾	¿	À	Á	Â	Ã	Ä	Å	Æ	Ç	È	É	Ê	Ë	Ì	Í
  A	0	0.9891	1.0822	0.9887	0.9885	0.9973	1.2412	1.0436	0.9898	0.9995	0.9887	0.9904	0.9991	0.9887	0.9887	1.0177	0.9885	0.9955	0.9885	0.9968	0.9906	0.9914	0.9911	1.0075	1.0047	0.991	0.9895	0.9938	0.9893	0.9898	0.9934	0.9893	0.9908	1.0195	0.9886	0.9914	0.9888	0.9906	0.995	0.9927	0.9891	0.9885	0.9888	0.9978	0.9899	1.0001	0.9894	0.9898	0.9911	0.9897	0.9898	0.989	0.9887	0.9886	0.9889	0.9889	0.9886	0.9886	0.9904	0.9895	0.9922	0.9889	0.9887	0.9996	1.0221	0.9885	0.9891	0.9921	0.9887	0.9887	0.9889	0.9891	0.9905	0.9901	0.9917	0.9928	0.9916	0.9909	0.9909	0.9898	0.992	0.9898	0.9898	0.992	0.9946	0.9898	0.9887	0.9915	0.9891	0.9887	0.9887	1.0034	0.989	0.9886	0.9886	0.9944	0.9934	0.9891	0.9885	0.993	0.9896	1.466	0.9915	0.9891	0.9889	0.9939	0.9939	0.9922	0.9892	1.0187	0.9911	0.9947	0.9902	0.9887	0.9938	0.9939	0.9907	0.9888	0.9911	0.9887	0.9896	0.9902	0.9946	0.9911	0.9926	0.9886	0.9904	1.0072	0.9885	0.9909	0.992	1.0509	1.0182	0.9889	0.9949	1.0017	0.9883	0.9885	0.9893	0.9885	0.9885
  B	0.9891	0	1.0054	0.988	0.9879	0.997	1.0161	1.0434	0.9893	0.999	0.9881	0.9899	0.9986	0.9881	0.9881	1.0714	0.988	0.995	0.9879	0.9963	0.9898	0.9908	0.9906	1.0071	1.0042	0.9904	0.9889	0.993	0.9887	0.9893	0.9929	0.9881	0.9903	1.0189	0.988	0.9909	0.9882	0.9902	0.9945	0.9922	0.9885	0.988	0.9881	0.9973	0.9889	0.9996	0.9889	0.9893	0.9906	0.9891	0.9891	0.9884	0.9882	0.9881	0.9884	0.9883	0.9881	0.9881	0.9899	0.9889	0.9916	0.9884	0.9881	0.9991	1.0217	0.988	1.1909	0.9916	0.9881	0.9881	0.9881	0.9885	0.9899	1.0485	0.9911	0.9915	0.9911	0.9903	0.9902	0.9893	0.9914	0.9892	0.9892	0.9915	0.9934	0.9892	0.9881	0.991	1.1909	0.9882	0.9882	1.003	0.9884	0.988	0.988	0.9938	0.9929	0.9886	0.9879	0.9924	0.989	0.9924	0.9908	1.6107	0.9882	0.9934	0.9934	0.9917	0.9887	1.0183	0.9906	0.9942	0.9897	0.9882	0.9932	0.9932	0.9901	0.9882	0.9906	0.9882	0.9891	0.9894	0.9941	0.9906	0.992	0.988	0.9899	1.0068	0.9879	0.9905	0.9914	1.0508	1.0178	0.9883	0.9944	1.0012	0.9878	0.9879	0.9887	0.988	0.9881
  C	1.0822	1.0054	0	1.005	1.0046	1.0139	1.5594	1.0597	1.0061	1.0157	1.0066	1.0067	1.0481	1.0048	1.0048	1.3375	1.0047	1.0117	1.0046	1.0131	1.0078	1.0077	1.0075	1.0234	1.0205	1.007	1.0057	1.2761	1.0062	1.0062	1.0106	1.5115	1.0072	1.0649	1.0047	1.0077	1.0066	1.0069	1.0114	1.009	1.0054	1.0047	1.0057	1.0139	1.6113	1.0166	1.0057	1.0061	1.0074	1.0059	1.0838	1.005	1.005	1.0049	1.0053	1.0052	1.0052	1.0049	1.0067	1.0057	1.0133	1.0053	1.0047	1.0159	1.0381	1.0048	1.0054	1.0084	1.0057	1.0053	1.0062	1.0055	1.0068	1.0063	1.008	1.0124	1.0079	1.099	1.1289	1.0061	1.0083	1.0061	1.0073	1.0083	1.5199	1.0061	1.0053	1.008	1.0054	1.005	1.005	1.0195	1.0053	1.0048	1.0049	1.0105	1.0107	1.0055	1.0044	1.0093	1.0069	1.116	1.0104	1.0054	1.3976	1.0102	1.0102	1.0084	1.0055	1.0345	1.0071	1.0109	1.008	1.0048	1.01	1.1435	1.0069	1.5431	1.0074	1.005	1.0059	1.0066	1.0109	1.0074	1.0088	1.0048	1.0067	1.0234	1.0046	1.0072	1.0152	1.0667	1.0341	1.0048	1.0112	1.018	1.0036	1.0046	1.049	1.0047	1.0116
  D	0.9887	0.988	1.005	0	0.9874	0.9963	1.0158	1.0426	0.9888	0.9984	0.9876	0.9893	0.9981	0.9876	0.9876	1.0164	0.9875	0.9945	0.9874	0.9958	0.9904	0.9903	0.9901	1.0065	1.0037	0.9899	0.9884	0.9925	0.9882	0.9888	0.9924	0.9876	0.9898	1.0183	0.9875	0.9903	0.9877	0.9896	0.9939	0.9917	0.988	0.9875	0.9876	0.9967	0.9883	0.999	0.9883	0.9887	0.9901	0.9886	0.9886	0.9879	0.9876	0.9875	0.9879	0.9878	0.9876	0.9875	0.9893	0.9884	0.9911	0.9879	0.9876	0.9986	1.0211	0.9875	0.988	0.991	0.9876	0.9876	0.9876	0.988	0.9894	0.989	0.9906	0.991	0.9906	0.9897	0.9897	0.9888	0.9909	0.9887	0.9887	0.9909	0.9929	0.9887	0.9876	0.9905	0.988	0.9876	0.9876	1.0024	0.9879	0.9875	0.9875	0.9933	0.9923	0.988	0.9874	0.9919	0.9885	1.4894	0.9909	0.988	0.9877	0.9929	0.9929	0.9912	0.9882	1.0177	0.99	0.9937	0.9892	0.9876	0.9927	0.9927	0.9896	0.9876	0.9901	0.9876	0.9885	0.9896	0.9936	0.9901	0.9915	0.9875	0.9893	1.0062	0.9874	0.9898	0.9912	1.0501	1.0172	0.9878	0.9938	1.0007	0.9873	0.9874	0.9882	0.9875	0.9875
  E	0.9885	0.9879	1.0046	0.9874	0	0.9961	1.0151	1.042	0.9887	0.9983	0.9875	0.9893	0.9978	0.9876	0.9876	1.016	0.9874	0.9944	0.9874	0.9956	0.9892	0.9902	0.99	1.0062	1.0034	0.99	0.9883	0.9924	0.9881	0.9887	0.9923	0.9876	0.9897	1.0178	0.9875	0.9903	0.9876	0.9895	0.9938	0.9916	0.988	0.9874	0.9875	0.9965	0.9883	0.9988	0.9882	0.9886	0.99	0.9887	0.9886	0.988	0.9876	0.9875	0.9878	0.9878	0.9875	0.9875	0.9893	0.9883	0.991	0.9878	0.9876	0.9984	1.0207	0.9874	0.9879	0.991	0.9876	0.9875	0.9875	0.988	0.9893	0.989	0.9905	0.9909	0.9905	0.9896	0.9897	0.9887	0.9908	0.9886	0.9886	0.9908	0.9928	0.9886	0.9876	0.9904	0.9879	0.9876	0.9876	1.0022	0.9878	0.9874	0.9874	0.9932	0.9922	0.988	0.9874	0.9918	0.9885	0.9918	0.9902	0.9879	0.9876	0.9927	0.9927	0.9911	0.9881	1.0173	0.99	0.9936	0.9891	0.9877	0.9926	0.9926	0.9896	0.9875	0.99	0.9876	0.9885	0.9888	0.9935	0.99	0.9914	0.9875	0.9893	1.006	0.9874	0.9898	0.9908	1.0493	1.0168	0.9878	0.9937	1.4963	0.9873	0.9874	0.9881	0.9874	0.9874
  F	0.9973	0.997	1.0139	0.9963	0.9961	0	1.0243	1.1194	0.9976	1.0072	0.9969	0.9982	1.0068	0.9965	0.9965	1.3206	0.9969	1.0033	0.9961	1.0046	0.9981	0.9991	0.9989	1.0154	1.0128	0.9986	0.9972	1.0016	0.997	0.9979	1.0012	0.9964	0.9986	1.027	0.9963	0.9992	0.9965	0.9989	1.0342	1.0005	0.9971	0.9969	0.9964	1.0275	0.9976	1.0085	0.9976	0.9979	0.9989	0.9974	0.9975	0.9966	0.9965	0.9964	0.9967	0.9968	0.9963	0.9964	0.9982	0.9972	0.9999	0.9967	0.9964	1.0074	1.0299	0.9963	0.997	0.9999	0.9965	0.9964	0.9964	0.9969	0.9982	0.9985	0.9994	0.9997	1.018	0.9995	0.9985	0.9976	0.9998	0.9975	0.9975	0.9998	1.0019	0.9975	0.9964	0.9995	0.997	0.9965	0.9965	1.0112	0.9969	0.9963	0.9963	1.0021	1.0014	0.9972	0.996	1.0007	0.9973	1.0007	0.9991	0.997	0.9969	1.0017	1.0017	1.0	0.997	1.0264	0.9988	1.0024	0.998	0.9963	1.0016	1.0017	0.9984	0.997	0.9989	0.9965	0.9979	0.9977	1.0024	0.9989	1.0003	0.9963	0.9982	1.015	0.9961	0.9998	0.9997	1.0588	1.026	0.9984	1.0675	1.0097	0.9955	0.9961	0.997	0.9969	0.9969
  G	1.2412	1.0161	1.5594	1.0158	1.0151	1.0243	0	1.0719	1.0169	1.0267	1.0154	1.0174	1.0411	1.0154	1.0154	1.0487	1.0152	1.0226	1.0151	1.024	1.0183	1.0184	1.0183	1.0345	1.0314	1.0177	1.0164	1.0296	1.0165	1.0169	1.0296	1.0201	1.0179	1.6976	1.0154	1.0185	1.0158	1.0175	1.0222	1.0199	1.0161	1.0152	1.3524	1.0248	1.0197	1.0272	1.0163	1.0167	1.0182	1.0166	1.0182	1.0156	1.0157	1.0156	1.0183	1.0159	1.0225	1.0156	1.0174	1.0164	1.0212	1.0184	1.0153	1.0269	1.0498	1.0155	1.0161	1.0192	1.0157	1.0157	1.4669	1.016	1.0174	1.0168	1.0187	1.6394	1.0186	1.0207	1.022	1.0169	1.0191	1.0168	1.0173	1.0191	1.0258	1.0168	1.0251	1.0186	1.0161	1.0157	1.0157	1.0305	1.016	1.0155	1.0156	1.0213	1.0204	1.0159	1.0149	1.02	1.0338	1.981	1.0198	1.0161	1.018	1.021	1.021	1.0192	1.0163	1.0459	1.0178	1.0217	1.0179	1.0153	1.0209	1.0257	1.0177	1.0173	1.0182	1.0157	1.0164	1.0176	1.0218	1.0182	1.0196	1.0154	1.0174	1.0347	1.0151	1.0176	1.022	1.0793	1.0457	1.0153	1.0219	1.0292	1.0136	1.0151	1.0171	1.0152	1.0152
  H	1.0436	1.0434	1.0597	1.0426	1.042	1.1194	1.0719	0	1.0441	1.0541	1.0425	1.0447	1.0535	1.298	1.3273	1.1204	1.0423	1.0498	1.042	1.0514	1.0446	1.0457	1.0456	1.3856	1.6326	1.0446	1.0435	1.0478	1.0436	1.0442	1.0476	1.0426	1.0452	1.0741	1.0425	1.0457	1.0429	1.0447	1.0824	1.0472	1.0436	1.0423	1.0426	1.2645	1.0434	1.0547	1.0435	1.044	1.0454	1.0438	1.0439	1.0424	1.043	1.0428	1.043	1.0433	1.0425	1.0428	1.0447	1.0435	1.0466	1.043	1.1297	1.0544	1.0776	1.0427	1.0434	1.0465	1.043	1.0429	1.0425	1.0432	1.0446	1.0439	1.046	1.0459	1.0663	1.0451	1.0449	1.0441	1.0464	1.0441	1.0441	1.0463	1.0485	1.0441	1.0425	1.0458	1.0434	1.0432	1.0432	1.0599	1.0434	1.0427	1.0429	1.0485	1.0477	1.0431	1.0415	1.0472	1.0435	1.0472	1.0457	1.0434	1.0424	1.0485	1.0485	1.0463	1.0435	1.0733	1.0447	1.0488	1.0446	1.0421	1.0482	1.0488	1.0448	1.0423	1.0454	1.043	1.0435	1.0443	1.0492	1.0454	1.0469	1.0427	1.0447	1.0623	1.042	1.0448	1.0463	1.1083	1.1932	1.5871	1.1176	1.0569	1.0391	1.042	1.0436	1.0422	1.0422
  I	0.9898	0.9893	1.0061	0.9888	0.9887	0.9976	1.0169	1.0441	0	1.0178	0.9888	0.9906	0.9993	0.9889	0.9889	1.0178	0.9887	0.9998	0.9887	1.1253	0.9906	0.9916	0.9914	1.0078	1.005	0.9912	0.99	0.9938	0.9895	0.99	0.9937	0.9889	0.991	1.0196	0.9888	0.9916	0.989	0.9908	0.9952	1.228	0.9893	0.9887	0.9888	0.998	0.9896	1.0003	0.9896	0.99	0.9913	0.9899	0.9899	0.9892	1.0204	0.9889	0.9891	0.9891	0.9888	0.9889	0.9906	0.99	0.9923	0.9891	0.9889	1.0056	1.0225	0.9888	0.9893	0.9927	0.9889	0.9889	0.9888	0.9893	0.9907	0.9903	0.9919	0.9923	0.9919	0.991	0.991	1.4027	0.994	0.992	0.99	0.994	0.9942	0.992	0.9889	0.9918	0.9893	0.9889	0.9889	1.0037	0.9892	0.9888	0.9888	0.9947	0.9936	0.9893	0.9887	0.9932	0.9898	0.9932	0.9916	0.9893	0.9889	0.9942	0.9942	0.994	1.1953	1.0204	0.9913	0.9957	0.9904	0.9889	1.1268	0.994	0.9918	0.9888	0.9913	1.0204	0.9898	0.9902	0.9955	0.9913	0.9995	0.9888	0.9906	1.0237	0.9887	0.9911	0.9921	1.0562	1.0185	0.9891	0.9951	1.0021	0.9885	0.9887	0.9895	0.9887	0.9887
  J	0.9995	0.999	1.0157	0.9984	0.9983	1.0072	1.0267	1.0541	1.0178	0	0.9984	1.0003	1.009	0.9985	0.9985	1.0275	0.9983	1.0441	0.9983	1.191	1.0002	1.0013	1.0011	1.0175	1.0145	1.0008	1.0019	1.0034	0.9992	0.9997	1.0033	0.9985	1.0008	1.0294	0.9984	1.0013	0.9986	1.0005	1.005	1.0699	0.999	0.9983	0.9985	1.0077	0.9992	1.01	0.9992	0.9997	1.001	0.9996	0.9996	0.9988	0.9993	0.9985	0.9988	0.9988	0.9985	0.9985	1.0003	1.0019	1.0021	0.9988	0.9984	1.0647	1.0324	0.9984	0.999	1.0057	0.9986	0.9986	0.9985	0.9989	1.0003	0.9999	1.0016	1.0019	1.0015	1.0007	1.0007	1.0178	1.0188	1.1487	0.9997	1.0189	1.0039	1.1487	0.9985	1.0014	0.999	0.9986	0.9986	1.0135	0.9988	0.9984	0.9985	1.0055	1.0033	0.9989	0.9982	1.0029	0.9994	1.0029	1.0013	0.999	0.9985	1.0039	1.0039	1.017	1.0054	1.0418	1.0011	1.0117	1.0001	0.9985	1.0255	1.0038	1.0091	0.9984	1.001	0.9993	0.9994	0.9999	1.011	1.001	1.4342	0.9984	1.0003	1.3836	0.9983	1.0007	1.0018	1.1059	1.0283	0.9985	1.0048	1.0128	0.9976	0.9983	0.9992	0.9983	0.9983
  K	0.9887	0.9881	1.0066	0.9876	0.9875	0.9969	1.0154	1.0425	0.9888	0.9984	0	0.9894	0.998	0.9877	0.9877	1.4031	0.9876	0.9945	0.9875	0.9958	0.9894	0.9904	0.9901	1.0065	1.0037	0.99	0.9885	0.9926	0.9883	0.989	0.9924	0.9877	0.9899	1.0181	0.9876	0.9904	0.9878	0.9898	0.9941	0.9917	0.9881	0.9876	0.9877	0.9968	1.4014	0.9992	0.9885	0.9889	0.9901	0.9887	0.9887	0.988	0.9877	0.9876	0.988	0.9879	0.9877	0.9876	0.9894	0.9885	0.9911	0.988	0.9877	0.9986	1.021	0.9876	0.9881	0.9911	0.9877	0.9877	0.9877	0.9881	0.9895	0.9892	0.9907	0.991	0.9907	0.9986	0.9898	0.9888	0.991	0.9888	0.9888	0.991	0.993	0.9888	0.9877	0.9906	0.9881	0.9877	0.9877	1.0024	0.988	0.9876	0.9876	0.9934	0.9924	0.9882	0.9875	0.992	0.9886	0.992	0.9904	0.9881	0.9895	0.9929	0.9929	0.9912	0.9883	1.0176	0.9901	0.9937	0.9892	0.9877	0.9928	0.9928	0.9897	0.9952	0.9901	0.9877	0.9887	0.989	0.9936	0.9901	0.9916	0.9876	0.9894	1.0062	0.9875	0.9902	0.9909	1.0497	1.0171	0.9879	0.994	1.0007	0.9874	0.9875	0.9883	0.9876	0.9894
  L	0.9904	0.9899	1.0067	0.9893	0.9893	0.9982	1.0174	1.0447	0.9906	1.0003	0.9894	0	0.9999	0.9894	0.9894	1.0184	0.9893	0.9964	0.9893	0.9977	0.9911	0.9921	1.0688	1.0084	1.0055	0.9917	0.9903	0.9943	0.9901	0.9906	0.9942	0.9895	0.9916	1.0202	0.9893	0.9922	0.9895	0.9914	0.9958	0.9935	0.9899	0.9893	0.9894	0.9986	0.9902	1.0009	0.9902	0.9906	1.0688	0.9905	0.9905	0.9897	0.9895	0.9894	0.9897	0.9897	0.9894	0.9894	1.3559	0.9903	0.9929	0.9897	0.9894	1.0005	1.1133	0.9893	0.9899	0.9929	0.9895	0.9895	0.9894	0.9899	0.9912	0.9909	0.9925	0.9928	0.9924	0.9916	0.9916	0.9906	0.9928	0.9905	0.9906	0.9928	0.9948	0.9905	0.9895	0.9923	0.9899	0.9895	0.9895	1.0043	0.9897	0.9893	0.9894	0.9952	0.9942	0.9899	0.9892	0.9938	0.9904	0.9938	0.9922	0.9899	0.9895	0.9947	0.9947	0.993	0.99	1.0375	0.9919	0.9956	0.991	0.9895	0.9946	0.9946	0.9915	0.9894	1.0688	0.9895	0.9904	0.9908	0.9954	1.0688	0.9934	0.9893	1.3559	1.0081	0.9893	0.9917	0.9927	1.0598	1.0191	0.9896	0.9957	1.0026	0.989	0.9893	0.99	0.9893	0.9893
  M	0.9991	0.9986	1.0481	0.9981	0.9978	1.0068	1.0411	1.0535	0.9993	1.009	0.998	0.9999	0	0.9981	0.998	1.0273	0.9979	1.005	0.9978	1.0064	1.0438	1.0009	1.0007	1.017	1.0141	1.0003	0.9989	1.1129	1.0314	0.9993	1.009	0.9983	1.0004	1.385	0.998	1.0009	0.9984	1.0001	1.0046	1.0023	0.9986	0.9979	0.9981	1.0072	0.999	1.0096	0.9988	0.9992	1.0006	0.9991	1.0176	0.9983	0.9982	0.9981	0.9991	0.9984	1.0001	0.9981	0.9999	0.9989	1.2254	0.9991	0.998	1.0092	1.0318	0.998	0.9986	1.0016	0.9983	0.9982	0.9981	0.9986	1.0	0.9995	1.0012	1.0015	1.0011	1.0313	1.0518	0.9993	1.0015	0.9992	1.0579	1.0015	1.0037	0.9992	1.0008	1.001	0.9986	0.9982	0.9982	1.0129	0.9984	0.998	0.9981	1.0038	1.0029	0.9985	0.9977	1.0025	1.0057	1.0222	1.1109	0.9986	0.9982	1.0034	1.0034	1.0017	0.9987	1.0283	1.0005	1.0042	1.0741	0.9981	1.0033	1.0574	1.0002	0.9981	1.0006	0.9982	0.999	1.0034	1.0042	1.0006	1.0021	0.998	0.9999	1.0169	0.9978	1.0003	1.2785	1.0609	1.0278	0.9981	1.0044	1.0114	0.9972	0.9978	1.0086	0.9979	0.9979
  N	0.9887	0.9881	1.0048	0.9876	0.9876	0.9965	1.0154	1.298	0.9889	0.9985	0.9877	0.9894	0.9981	0	1.6956	1.0165	0.9876	0.9946	0.9876	0.9958	0.9894	0.9904	0.9902	1.0065	1.0043	0.99	0.9885	0.9926	0.9883	0.9889	0.9925	0.9877	0.9899	1.0181	0.9876	0.9904	0.9878	0.9897	0.9941	0.9918	0.9881	0.9876	0.9877	0.9972	0.9885	0.999	0.9884	0.9888	0.9902	0.9887	0.9887	0.988	0.9878	0.9877	0.988	0.9879	0.9877	0.9877	0.9894	0.9885	0.9911	0.988	0.9877	0.9986	1.021	0.9876	0.9881	0.9911	0.9877	0.9877	0.9877	0.9881	0.9895	0.9891	0.9907	0.9911	0.9907	0.9898	0.9898	0.9889	0.991	0.9888	0.9888	0.991	0.993	0.9888	0.9877	0.9906	0.9881	0.9878	0.9878	1.0024	0.988	0.9876	0.9876	0.9934	0.9924	0.9881	0.9875	0.992	0.9886	0.992	0.9904	0.9881	0.9878	0.9929	0.9929	0.9913	0.9883	1.0176	0.9901	0.9938	0.9893	0.9878	0.9928	0.9928	0.9897	0.9877	0.9902	0.9878	0.9886	0.989	0.9936	0.9902	0.9916	0.9876	0.9894	1.0062	0.9876	0.9899	0.991	1.0497	1.0171	0.988	0.9941	1.0007	0.9874	0.9876	0.9883	0.9876	0.9876
  O	0.9887	0.9881	1.0048	0.9876	0.9876	0.9965	1.0154	1.3273	0.9889	0.9985	0.9877	0.9894	0.998	1.6956	0	1.0165	0.9876	0.9946	0.9876	0.9958	0.9894	0.9904	0.9902	1.0065	1.0043	0.99	0.9885	0.9926	0.9883	0.9889	0.9925	0.9877	0.9899	1.0181	0.9876	0.9904	0.9878	0.9897	0.9941	0.9918	0.9881	0.9876	0.9877	0.9972	0.9885	0.999	0.9884	0.9888	0.9902	0.9887	0.9887	0.988	0.9878	0.9877	0.988	0.9879	0.9877	0.9877	0.9894	0.9885	0.9911	0.988	0.9878	0.9986	1.021	0.9876	0.9881	0.9911	0.9877	0.9877	0.9877	0.9881	0.9895	0.9891	0.9907	0.9911	0.9907	0.9898	0.9898	0.9889	0.991	0.9888	0.9888	0.991	0.993	0.9888	0.9878	0.9906	0.9881	0.9878	0.9878	1.0024	0.988	0.9876	0.9876	0.9934	0.9924	0.9881	0.9875	0.992	0.9886	0.992	0.9904	0.9881	0.9878	0.9929	0.9929	0.9913	0.9883	1.0176	0.9902	0.9938	0.9893	0.9878	0.9928	0.9928	0.9897	0.9877	0.9902	0.9878	0.9886	0.989	0.9936	0.9902	0.9916	0.9876	0.9894	1.0062	0.9876	0.99	0.991	1.0497	1.0171	0.988	0.9941	1.0007	0.9874	0.9876	0.9883	0.9876	0.9876
  P	1.0177	1.0714	1.3375	1.0164	1.016	1.3206	1.0487	1.1204	1.0178	1.0275	1.4031	1.0184	1.0273	1.0165	1.0165	0	1.52	1.0234	1.016	1.0248	1.0183	1.0214	1.0192	1.0354	1.0326	1.0186	1.0173	1.2345	1.0172	1.1456	1.0213	1.0277	1.022	1.0475	1.0163	1.0262	1.0169	1.4591	1.0446	1.0207	1.0172	1.5191	1.0164	1.0405	1.4091	1.48	1.2613	1.1863	1.0191	1.0175	1.0183	1.0165	1.0167	1.0165	1.0168	1.0169	1.0164	1.0165	1.0184	1.0173	1.0202	1.0168	1.0163	1.0277	1.0504	1.0164	1.0714	1.0201	1.0167	1.0167	1.0164	1.0637	1.031	1.6096	1.0229	1.0198	1.0322	1.7946	1.0214	1.0178	1.02	1.0177	1.0178	1.02	1.0931	1.0177	1.0164	1.1069	1.0714	1.0166	1.0166	1.0312	1.017	1.0165	1.0165	1.0222	1.2512	1.2916	1.0157	1.0367	1.0174	1.0214	1.0193	1.0714	1.4045	1.0219	1.0219	1.0201	1.0172	1.0465	1.0187	1.0226	1.0182	1.0162	1.0218	1.0889	1.0186	1.579	1.0191	1.0167	1.4531	1.0179	1.0227	1.0191	1.0205	1.0164	1.0184	1.0354	1.016	1.9312	1.0199	1.0795	1.0463	1.0175	1.0673	1.0301	1.0144	1.016	1.019	1.5285	1.5468
  Q	0.9885	0.988	1.0047	0.9875	0.9874	0.9969	1.0152	1.0423	0.9887	0.9983	0.9876	0.9893	0.9979	0.9876	0.9876	1.52	0	0.9944	0.9874	0.9957	0.9892	0.9902	0.99	1.0063	1.0035	0.9899	0.9884	0.9925	0.9882	0.9889	0.9923	0.9876	0.9897	1.0179	0.9875	0.9903	0.9877	0.9897	0.9939	0.9916	0.988	0.9875	0.9875	0.9967	0.9884	0.9991	0.9884	0.9888	0.99	0.9886	0.9886	0.9879	0.9876	0.9875	0.9878	0.9878	0.9875	0.9875	0.9893	0.9884	0.991	0.9878	0.9876	0.9985	1.0208	0.9874	0.988	0.991	0.9876	0.9876	0.9876	0.988	0.9893	0.9891	0.9906	0.9909	0.9906	0.9898	0.9897	0.9887	0.9909	0.9886	0.9887	0.9909	0.9929	0.9886	0.9876	0.9905	0.988	0.9876	0.9876	1.0023	0.9878	0.9875	0.9875	0.9932	0.9923	0.9881	0.9874	0.9918	0.9885	0.9918	0.9902	0.988	0.9877	0.9928	0.9928	0.9911	0.9881	1.0174	0.99	0.9936	0.9891	0.9876	0.9926	0.9927	0.9896	0.9878	0.99	0.9876	0.9886	0.9889	0.9935	0.99	0.9914	0.9875	0.9893	1.006	0.9874	0.9906	0.9908	1.0494	1.0169	0.9878	0.9939	1.0005	0.9873	0.9874	0.9882	0.9876	0.9875
  R	0.9955	0.995	1.0117	0.9945	0.9944	1.0033	1.0226	1.0498	0.9998	1.0441	0.9945	0.9964	1.005	0.9946	0.9946	1.0234	0.9944	0	0.9944	1.0461	0.9963	0.9973	0.9972	1.0138	1.0107	0.9969	1.0128	0.9995	0.9952	0.9958	0.9994	0.9946	0.9968	1.0253	0.9945	0.9974	0.9947	0.9965	1.001	1.0143	0.995	0.9944	0.9946	1.0037	0.9953	1.006	0.9953	0.9957	0.9971	0.9956	0.9956	0.9949	0.9949	0.9946	0.9949	0.9948	0.9945	0.9946	0.9964	1.0128	0.9981	0.9949	0.9945	1.0517	1.0285	0.9945	0.995	1.0044	0.9946	0.9946	0.9946	0.995	0.9964	0.996	0.9976	0.9979	0.9976	0.9967	0.9967	0.9998	1.0121	0.9996	0.9957	1.0122	0.9999	0.9996	0.9946	0.9975	0.995	0.9947	0.9947	1.0098	0.9949	0.9945	0.9946	1.0089	0.9993	0.995	0.9943	0.9989	0.9955	0.9989	0.9973	0.995	0.9946	1.0001	1.0001	1.0902	0.9966	1.1027	0.9978	1.0469	0.9962	0.9946	1.0444	0.9998	1.0496	0.9945	0.9971	0.9949	0.9955	0.9959	1.0115	0.9971	1.0121	0.9945	0.9964	1.0453	0.9944	0.9968	0.9979	1.3291	1.0242	0.9947	1.0008	1.0094	0.9939	0.9944	0.9952	0.9944	0.9944
  S	0.9885	0.9879	1.0046	0.9874	0.9874	0.9961	1.0151	1.042	0.9887	0.9983	0.9875	0.9893	0.9978	0.9876	0.9876	1.016	0.9874	0.9944	0	0.9956	0.9892	0.9902	0.99	1.0062	1.0034	0.99	0.9883	0.9924	0.9881	0.9887	0.9923	0.9876	0.9897	1.0178	0.9875	0.9903	0.9876	0.9895	0.9938	0.9916	0.988	0.9874	0.9875	0.9965	0.9883	0.9988	0.9882	0.9886	0.99	0.9887	0.9886	0.988	0.9876	0.9875	0.9878	0.9878	0.9875	0.9875	0.9893	0.9883	0.991	0.9878	0.9876	0.9984	1.0207	0.9874	0.9879	0.991	0.9876	0.9875	0.9875	0.988	0.9893	0.989	0.9905	0.9909	0.9905	0.9896	0.9897	0.9887	0.9908	0.9886	0.9886	0.9908	0.9928	0.9886	0.9876	0.9904	0.9879	0.9876	0.9876	1.0022	0.9878	0.9874	0.9874	0.9932	0.9922	0.988	0.9874	0.9918	0.9885	0.9918	0.9902	0.9879	0.9876	0.9927	0.9927	0.9911	0.9881	1.0173	0.99	0.9936	0.9891	0.9877	0.9926	0.9926	0.9896	0.9875	0.99	0.9876	0.9885	0.9888	0.9935	0.99	0.9914	0.9875	0.9893	1.006	0.9874	0.9898	0.9908	1.0493	1.0168	0.9878	0.9937	1.4963	0.9873	0.9874	0.9881	0.9874	0.9874
  T	0.9968	0.9963	1.0131	0.9958	0.9956	1.0046	1.024	1.0514	1.1253	1.191	0.9958	0.9977	1.0064	0.9958	0.9958	1.0248	0.9957	1.0461	0.9956	0	0.9976	0.9986	0.9985	1.0149	1.0119	0.9982	0.9996	1.0008	0.9965	0.9971	1.0007	0.9959	0.9981	1.0267	0.9957	0.9987	0.996	0.9978	1.0023	1.4477	0.9963	0.9957	0.9958	1.005	0.9966	1.0074	0.9966	0.997	0.9984	0.9969	0.9969	0.9961	1.0022	0.9959	0.9962	0.9961	0.9958	0.9959	0.9977	0.9996	0.9994	0.9962	0.9958	1.0688	1.0297	0.9958	0.9963	1.0034	0.9959	0.9959	0.9958	0.9963	0.9977	0.9972	0.9989	0.9992	0.9989	0.998	0.998	1.1253	1.0182	1.0168	0.997	1.0182	1.0012	1.0168	0.9959	0.9988	0.9963	0.9959	0.9959	1.0108	0.9962	0.9958	0.9958	1.003	1.0006	0.9963	0.9956	1.0002	0.9968	1.0002	0.9986	0.9963	0.9959	1.0012	1.0012	1.0161	1.0463	1.0407	0.9985	1.0099	0.9975	0.9959	1.0556	1.0011	1.0074	0.9958	0.9984	1.0022	0.9968	0.9972	1.0089	0.9984	1.0659	0.9958	0.9977	1.1802	0.9956	0.9981	0.9992	1.1086	1.0256	0.9959	1.0021	1.0102	0.9951	0.9956	0.9965	0.9957	0.9957
  U	0.9906	0.9898	1.0078	0.9904	0.9892	0.9981	1.0183	1.0446	0.9906	1.0002	0.9894	0.9911	1.0438	0.9894	0.9894	1.0183	0.9892	0.9963	0.9892	0.9976	0	0.9921	0.9919	1.0083	1.0055	0.9917	0.9902	0.9976	0.9945	0.9906	0.9943	0.9894	0.9916	1.0314	0.9893	0.9921	0.9895	0.9914	0.9958	0.9935	0.9898	0.9892	0.9894	0.9985	0.9901	1.0008	0.9901	0.9905	0.9919	0.9904	0.9909	0.9897	0.9894	0.9893	0.9897	0.9896	0.9894	0.9893	0.9911	0.9902	1.0255	0.9897	0.9894	1.0004	1.023	0.9893	0.9898	0.9928	0.9894	0.9894	0.9894	0.9898	0.9912	0.9908	0.9924	0.9928	0.9924	0.9924	0.9931	0.9906	0.9927	0.9905	0.9987	0.9927	0.9947	0.9905	0.9895	0.9923	0.9898	0.9894	0.9894	1.0042	0.9897	0.9893	0.9893	0.9951	0.9941	0.9898	0.9892	0.9937	0.9905	1.4775	1.3832	0.9898	0.9894	0.9947	0.9947	0.993	0.99	1.0195	0.9918	0.9955	1.0016	0.9894	0.9945	0.9961	0.9914	0.9894	0.9919	0.9894	0.9903	1.1403	0.9954	0.9919	0.9933	0.9893	0.9911	1.008	0.9892	0.9916	1.1734	1.052	1.019	0.9896	0.9956	1.0025	0.989	0.9892	0.9902	0.9892	0.9892
  V	0.9914	0.9908	1.0077	0.9903	0.9902	0.9991	1.0184	1.0457	0.9916	1.0013	0.9904	0.9921	1.0009	0.9904	0.9904	1.0214	0.9902	0.9973	0.9902	0.9986	0.9921	0	0.9929	1.0093	1.0065	0.9927	0.9912	0.9986	0.991	0.9916	0.9952	0.9904	0.9928	1.0212	0.9903	1.072	0.9905	0.9924	0.9968	0.9945	0.9908	0.9902	0.9904	0.9995	0.9911	1.2931	0.9911	0.9915	0.9929	0.9914	0.9915	0.9907	0.9905	0.9904	0.9907	0.9906	0.9904	0.9904	0.9921	0.9912	0.9939	0.9907	0.9904	1.0014	1.024	0.9903	0.9908	0.9938	0.9904	0.9904	0.9904	1.0014	0.9924	0.9918	1.2609	0.9938	0.9934	1.0038	0.9926	0.9916	0.9937	0.9915	0.9915	0.9937	0.9958	0.9915	0.9904	0.9933	0.9908	0.9904	0.9904	1.0053	0.9907	0.9903	0.9903	0.9961	0.9953	0.9917	0.9902	1.1579	0.9913	0.9947	0.9931	0.9908	0.9904	0.9957	0.9957	0.994	0.991	1.0206	0.9928	0.9965	0.992	0.9904	0.9955	1.0581	0.9924	0.9904	0.9929	0.9905	0.9917	0.9917	0.9964	0.9929	0.9943	0.9903	0.9921	1.0091	0.9902	0.9926	0.9937	1.0531	1.0201	0.9906	0.9966	1.0036	0.9899	0.9902	0.9911	0.9902	0.9902
  W	0.9911	0.9906	1.0075	0.9901	0.99	0.9989	1.0183	1.0456	0.9914	1.0011	0.9901	1.0688	1.0007	0.9902	0.9902	1.0192	0.99	0.9972	0.99	0.9985	0.9919	0.9929	0	1.0092	1.0063	0.9925	0.9919	0.9951	0.9908	0.9914	0.995	0.9902	0.9924	1.021	0.9901	0.9929	0.9903	0.9921	0.9966	0.9943	0.9906	0.99	0.9901	0.9993	0.9909	1.0017	0.9909	0.9913	1.1007	0.9912	0.9912	0.9904	0.9903	0.9908	0.9904	0.9904	0.9901	0.9908	1.0688	0.9919	0.9937	0.9904	0.9901	1.0013	1.15	0.9914	0.9906	0.9936	0.9902	0.9902	0.9901	0.9906	0.992	0.9916	0.9932	0.9936	0.9932	0.9923	0.9923	0.9914	0.9935	0.9913	0.9913	0.9935	0.9955	0.9913	0.9902	0.9931	0.9906	0.9902	0.9902	1.0051	0.9905	0.9901	0.9901	0.9959	0.9949	0.9906	0.9899	0.9945	0.9911	0.9945	0.9929	0.9906	0.9902	0.9955	0.9955	0.9938	0.9909	1.0453	0.9927	0.9964	0.9917	0.9902	1.4949	0.9953	0.9923	0.9901	1.1007	0.9903	0.9911	0.9915	0.9962	1.5654	0.9941	0.9901	1.0688	1.0089	0.99	0.9924	0.9935	1.0641	1.0199	0.9903	0.9964	1.0033	0.9897	0.99	0.9908	0.99	0.99
  X	1.0075	1.0071	1.0234	1.0065	1.0062	1.0154	1.0345	1.3856	1.0078	1.0175	1.0065	1.0084	1.017	1.0065	1.0065	1.0354	1.0063	1.0138	1.0062	1.0149	1.0083	1.0093	1.0092	0	1.6058	1.0087	1.0075	1.0114	1.0073	1.0078	1.0113	1.0066	1.0088	1.0371	1.0065	1.0094	1.0067	1.0085	1.0131	1.0107	1.0071	1.0063	1.0065	1.0161	1.0072	1.018	1.0073	1.0077	1.0091	1.0076	1.0077	1.0067	1.0067	1.0066	1.0069	1.0069	1.0065	1.0066	1.0084	1.0075	1.0101	1.0069	1.3702	1.0177	1.0403	1.0065	1.0071	1.0101	1.0067	1.0066	1.0065	1.007	1.0084	1.0078	1.0096	1.0098	1.0096	1.0087	1.0087	1.0078	1.01	1.0077	1.0078	1.01	1.0119	1.0077	1.0065	1.0095	1.0071	1.0928	1.0926	1.515	1.0069	1.0065	1.0066	1.0123	1.0113	1.0069	1.006	1.0109	1.0074	1.0109	1.0093	1.0071	1.0065	1.0768	1.0768	1.0104	1.0072	1.0423	1.0095	1.0128	1.0082	1.0064	1.0123	1.0119	1.0088	1.0064	1.0091	1.0067	1.0074	1.0079	1.0127	1.0091	1.0106	1.5114	1.0084	1.0253	1.0062	1.0086	1.0099	1.225	2.0411	1.0066	1.013	1.0199	1.0051	1.0062	1.0073	1.0063	1.0063
  Y	1.0047	1.0042	1.0205	1.0037	1.0034	1.0128	1.0314	1.6326	1.005	1.0145	1.0037	1.0055	1.0141	1.0043	1.0043	1.0326	1.0035	1.0107	1.0034	1.0119	1.0055	1.0065	1.0063	1.6058	0	1.0059	1.0046	1.0086	1.0044	1.005	1.0085	1.0038	1.006	1.0339	1.0036	1.0065	1.0039	1.0056	1.0104	1.0079	1.0042	1.0035	1.0037	1.0139	1.0044	1.015	1.0044	1.0049	1.0063	1.0048	1.0048	1.0039	1.0039	1.0038	1.004	1.004	1.0037	1.0038	1.0055	1.0046	1.0073	1.004	1.0039	1.0148	1.037	1.0036	1.0042	1.0072	1.0039	1.0038	1.0037	1.0042	1.0055	1.005	1.0068	1.007	1.0069	1.0058	1.0059	1.005	1.0071	1.0049	1.0049	1.0071	1.0091	1.0049	1.0037	1.0066	1.0042	1.2279	1.2274	2.5492	1.0041	1.0037	1.0037	1.0094	1.0084	1.0041	1.0033	1.008	1.0046	1.008	1.0065	1.0042	1.0037	1.039	1.039	1.0074	1.0044	1.0366	1.0063	1.0098	1.0054	1.0036	1.0091	1.009	1.0059	1.0036	1.0063	1.0039	1.0046	1.0051	1.0098	1.0063	1.0077	1.0038	1.0055	1.0223	1.0034	1.0058	1.007	1.1495	1.0335	1.0044	1.0105	1.0169	1.0025	1.0034	1.0044	1.0035	1.0035
  Z	0.991	0.9904	1.007	0.9899	0.99	0.9986	1.0177	1.0446	0.9912	1.0008	0.99	0.9917	1.0003	0.99	0.99	1.0186	0.9899	0.9969	0.99	0.9982	0.9917	0.9927	0.9925	1.0087	1.0059	0	0.9908	0.9949	0.9906	0.9912	0.9948	0.99	0.9922	1.0204	0.9899	0.9927	0.9901	0.992	0.9963	0.9941	0.9904	0.9899	0.99	0.999	0.9907	1.0013	0.9907	0.9911	0.9925	1.5373	0.991	0.9963	0.9901	0.99	0.9903	0.9902	0.99	0.99	0.9917	0.9908	0.9935	0.9903	0.99	1.001	1.0232	0.9899	0.9904	0.9937	0.99	0.99	0.99	0.9904	0.9918	0.9914	0.993	0.9934	0.993	0.9921	0.9921	0.9912	0.9933	0.9911	0.9911	0.9933	0.9953	0.9911	0.99	0.9929	0.9904	0.9901	0.9901	1.0047	0.9903	0.9899	0.9899	0.9957	0.9947	0.9904	0.9901	0.9943	0.9909	0.9943	0.9927	0.9904	0.9901	0.9952	0.9952	0.9936	0.9906	1.0199	0.9924	0.996	0.9916	0.9934	0.9952	0.9951	0.992	0.99	0.9925	0.9901	0.9909	0.9913	0.9964	0.9925	0.9939	0.9899	0.9917	1.0085	0.99	0.9922	0.9933	1.052	1.0193	0.9902	0.9962	1.5317	0.9905	0.99	0.9906	0.9899	0.9899
  [	0.9895	0.9889	1.0057	0.9884	0.9883	0.9972	1.0164	1.0435	0.99	1.0019	0.9885	0.9903	0.9989	0.9885	0.9885	1.0173	0.9884	1.0128	0.9883	0.9996	0.9902	0.9912	0.9919	1.0075	1.0046	0.9908	0	0.9934	0.9891	0.9897	0.9933	0.9885	0.9907	1.0191	0.9884	0.9913	0.9886	0.9905	0.9948	0.9937	0.9889	0.9884	0.9885	0.9976	0.9893	0.9999	0.9892	0.9896	0.991	0.9895	0.9895	0.9888	0.9886	0.9888	0.9888	0.9887	0.9885	0.9888	0.9903	1.3372	0.992	0.9888	0.9885	1.0026	1.0221	0.9893	0.9889	0.9924	0.9885	0.9885	0.9885	0.9889	0.9903	0.9899	0.9915	0.9919	0.9915	0.9906	0.9906	0.99	0.9928	0.9899	0.9896	0.9928	0.9938	0.9899	0.9885	0.9914	0.9889	0.9886	0.9886	1.0035	0.9888	0.9884	0.9884	0.9959	0.9932	0.9889	0.9883	0.9928	0.9894	0.9928	0.9912	0.9889	0.9886	0.9939	0.9939	1.0087	0.9893	1.0367	0.9913	1.0032	0.9901	0.9886	1.4306	0.9936	1.0003	0.9885	0.991	0.9886	0.9894	0.9898	0.9952	0.991	0.9933	0.9884	0.9903	1.0093	0.9883	0.9907	0.9918	1.2007	1.018	0.9887	0.9947	1.0017	0.9881	0.9883	0.9891	0.9884	0.9884
  \	0.9938	0.993	1.2761	0.9925	0.9924	1.0016	1.0296	1.0478	0.9938	1.0034	0.9926	0.9943	1.1129	0.9926	0.9926	1.2345	0.9925	0.9995	0.9924	1.0008	0.9976	0.9986	0.9951	1.0114	1.0086	0.9949	0.9934	0	0.9954	0.9938	1.0002	0.9953	0.9949	1.1209	0.9925	1.0072	1.1193	0.9946	0.999	0.9967	0.993	0.9925	0.9926	1.0017	0.9957	1.0118	0.9934	0.9938	0.9951	0.9936	1.2401	0.9928	0.9927	0.9926	0.9932	0.9928	0.9935	0.9926	0.9943	0.9934	1.0127	0.9932	0.9925	1.0036	1.0261	0.9925	0.993	0.996	1.0653	1.0371	0.9926	1.0792	0.995	0.9941	1.0009	0.996	0.9956	1.7265	2.1056	0.9938	0.9959	0.9937	0.9978	0.9959	1.0008	0.9937	0.9939	0.9956	0.993	0.9926	0.9926	1.0074	0.9929	0.9925	0.9925	0.9983	1.0541	1.1514	0.9923	1.0234	0.9968	0.9987	1.0041	0.993	0.9954	0.9979	0.9979	0.9962	0.9932	1.0227	0.995	0.9987	0.9993	0.9926	0.9977	1.9823	0.9946	0.9945	0.9951	0.9927	1.0624	0.9942	0.9986	0.9951	0.9965	0.9925	0.9943	1.0112	0.9924	0.995	1.0192	1.0551	1.0222	0.9927	0.9989	1.0057	0.992	0.9924	1.1268	0.9925	0.9925
  ]	0.9893	0.9887	1.0062	0.9882	0.9881	0.997	1.0165	1.0436	0.9895	0.9992	0.9883	0.9901	1.0314	0.9883	0.9883	1.0172	0.9882	0.9952	0.9881	0.9965	0.9945	0.991	0.9908	1.0073	1.0044	0.9906	0.9891	0.9954	0	0.9895	0.9932	0.9883	0.9905	1.0269	0.9882	0.9911	0.9884	0.9903	0.9947	0.9924	0.9887	0.9882	0.9883	0.9975	0.9891	0.9998	0.989	0.9894	0.9908	0.9893	0.9897	0.9886	0.9884	0.9883	0.9886	0.9885	0.9883	0.9883	0.9901	0.9891	1.0835	0.9886	0.9883	0.9993	1.0219	0.9882	0.9887	0.9917	0.9883	0.9883	0.9883	0.9887	0.9901	0.9897	0.9913	0.9917	0.9913	0.991	0.9914	0.9895	0.9916	0.9894	1.537	0.9917	0.9936	0.9894	0.9884	0.9912	0.9887	0.9884	0.9883	1.0032	0.9886	0.9882	0.9882	0.994	0.993	0.9887	0.9881	0.9926	0.9893	0.9946	1.003	0.9887	0.9884	0.9936	0.9936	0.9919	0.9889	1.0185	0.9908	0.9944	1.2186	0.9884	0.9934	0.9945	0.9903	0.9883	0.9908	0.9884	0.9892	0.99	0.9943	0.9908	0.9922	0.9882	0.9901	1.007	0.9881	0.9906	1.0232	1.051	1.018	0.9885	0.9946	1.0014	0.9879	0.9881	0.9891	0.9882	0.9882
  ^	0.9898	0.9893	1.0062	0.9888	0.9887	0.9979	1.0169	1.0442	0.99	0.9997	0.989	0.9906	0.9993	0.9889	0.9889	1.1456	0.9889	0.9958	0.9887	0.9971	0.9906	0.9916	0.9914	1.0078	1.005	0.9912	0.9897	0.9938	0.9895	0	0.9937	0.9889	0.9911	1.0196	0.9888	0.9916	0.989	1.0207	0.9953	0.993	0.9893	0.9889	0.9889	0.9981	0.9897	1.0005	1.0976	1.665	0.9914	0.9899	0.9899	0.9892	0.9889	0.9888	0.9892	0.9891	0.9889	0.9888	0.9906	0.9897	0.9924	0.9892	0.9889	0.9999	1.0225	0.9887	0.9893	0.9923	0.9889	0.9889	0.9889	0.9893	0.9907	0.9904	0.9919	0.9923	0.9919	0.9912	0.991	0.99	0.9922	0.99	0.99	0.9922	0.9942	0.99	0.9889	0.9918	0.9893	0.9889	0.9889	1.0037	0.9892	0.9888	0.9888	0.9946	0.9937	0.9894	0.9887	0.9932	0.9898	0.9932	0.9916	0.9893	0.989	0.9942	0.9942	0.9925	0.9895	1.0191	0.9913	0.995	0.9905	0.9889	0.994	0.994	0.9909	0.989	0.9914	0.9889	0.9899	0.9902	0.9949	0.9914	0.9928	0.9888	0.9906	1.0075	0.9887	1.0163	0.9922	1.0515	1.0185	0.9891	0.9952	1.002	0.9885	0.9887	0.9895	0.9889	0.9889
  _	0.9934	0.9929	1.0106	0.9924	0.9923	1.0012	1.0296	1.0476	0.9937	1.0033	0.9924	0.9942	1.009	0.9925	0.9925	1.0213	0.9923	0.9994	0.9923	1.0007	0.9943	0.9952	0.995	1.0113	1.0085	0.9948	0.9933	1.0002	0.9932	0.9937	0	0.9925	0.9947	1.5689	0.9924	0.9953	0.9926	0.9944	0.9989	0.9966	0.9929	0.9923	0.9925	1.0016	0.9932	1.0039	0.9932	0.9936	0.995	0.9935	0.9939	0.9927	0.9926	0.9925	0.9936	0.9927	0.9944	0.9925	0.9942	0.9933	0.9968	0.9936	0.9924	1.0035	1.026	0.9924	0.9929	0.9959	0.9925	0.9925	0.9925	0.9929	0.9943	0.9939	0.9955	0.9959	0.9955	0.9954	0.9959	0.9937	0.9958	0.9936	0.9938	0.9958	0.9978	0.9936	0.9949	0.9954	0.9929	0.9925	0.9925	1.0073	0.9928	0.9924	0.9924	0.9982	0.9972	0.9929	0.9922	0.9968	0.9985	0.9969	0.9956	0.9929	0.9925	0.9978	0.9978	0.9961	0.9931	1.0226	0.9949	0.9986	0.9943	0.9925	0.9976	0.999	0.9945	0.9924	0.995	0.9926	0.9934	0.9938	0.9985	0.995	0.9964	0.9924	0.9942	1.0111	0.9923	0.9947	0.9969	1.055	1.0221	0.9926	0.9987	1.0057	0.9919	0.9923	0.9933	0.9923	0.9923
  `	0.9893	0.9881	1.5115	0.9876	0.9876	0.9964	1.0201	1.0426	0.9889	0.9985	0.9877	0.9895	0.9983	0.9877	0.9877	1.0277	0.9876	0.9946	0.9876	0.9959	0.9894	0.9904	0.9902	1.0066	1.0038	0.99	0.9885	0.9953	0.9883	0.9889	0.9925	0	0.9899	1.0185	0.9876	0.9905	0.9878	0.9897	0.9941	0.9918	0.9882	0.9876	0.9877	0.9968	0.9948	0.9991	0.9884	0.9888	0.9902	0.9887	0.9893	0.988	0.9878	0.9877	0.988	0.9879	0.9877	0.9877	0.9895	0.9885	0.9912	0.988	0.9877	0.9987	1.0211	0.9876	0.9881	0.9912	0.9878	0.9877	0.9877	0.9881	0.9895	0.9892	0.9907	0.9911	0.9907	0.9912	0.9911	0.9889	0.991	0.9888	0.9888	0.9911	1.0003	0.9888	0.9878	0.9906	0.9881	0.9878	0.9878	1.0025	0.988	0.9876	0.9876	0.9934	0.9924	0.9881	0.9876	0.992	0.9887	0.993	0.9904	0.9881	0.9955	0.993	0.993	0.9913	0.9883	1.0178	0.9902	0.9938	0.9893	0.9878	0.9928	0.9941	0.9898	0.9929	0.9902	0.9878	0.9887	0.989	0.9937	0.9902	0.9916	0.9876	0.9895	1.0063	0.9876	0.99	0.991	1.05	1.0172	0.9879	0.9939	1.0008	0.9874	0.9876	0.9886	0.9876	0.9877
  a	0.9908	0.9903	1.0072	0.9898	0.9897	0.9986	1.0179	1.0452	0.991	1.0008	0.9899	0.9916	1.0004	0.9899	0.9899	1.022	0.9897	0.9968	0.9897	0.9981	0.9916	0.9928	0.9924	1.0088	1.006	0.9922	0.9907	0.9949	0.9905	0.9911	0.9947	0.9899	0	1.0207	0.9898	0.9928	0.99	0.9919	0.9963	0.994	0.9903	0.9897	0.9899	0.999	0.9906	1.3147	0.9906	0.991	0.9924	0.9909	0.9909	0.9901	0.9899	0.9898	0.9902	0.9901	0.9898	0.9898	0.9916	0.9907	0.9934	0.9902	0.9899	1.0009	1.0235	0.9897	0.9903	0.9933	0.9899	0.9899	0.9899	0.9904	1.1487	0.9913	0.9932	0.9933	0.9929	0.9947	0.9921	0.991	0.9932	0.991	0.991	0.9932	0.9954	0.991	0.9899	0.993	0.9903	0.9899	0.9899	1.0048	0.9902	0.9898	0.9898	0.9956	0.9953	0.9903	0.9896	0.9944	0.9908	0.9942	0.9926	0.9903	0.9899	0.9952	0.9952	0.9935	0.9905	1.0201	0.9923	0.996	0.9915	0.9899	0.995	1.0382	0.9919	0.9899	0.9924	0.9899	0.9908	0.9912	0.9959	0.9924	0.9938	0.9898	0.9916	1.0086	0.9897	0.9921	0.9932	1.0526	1.0196	0.9901	0.9961	1.0031	0.9894	0.9897	1.0052	0.9897	0.9897
  b	1.0195	1.0189	1.0649	1.0183	1.0178	1.027	1.6976	1.0741	1.0196	1.0294	1.0181	1.0202	1.385	1.0181	1.0181	1.0475	1.0179	1.0253	1.0178	1.0267	1.0314	1.0212	1.021	1.0371	1.0339	1.0204	1.0191	1.1209	1.0269	1.0196	1.5689	1.0185	1.0207	0	1.0181	1.0212	1.0187	1.0202	1.0249	1.0226	1.0189	1.0179	1.0184	1.0274	1.0191	1.0299	1.019	1.0195	1.0209	1.0194	1.0376	1.0183	1.0185	1.0184	1.317	1.0187	1.5245	1.0184	1.0202	1.0191	1.0795	1.3188	1.018	1.0296	1.0522	1.0182	1.0189	1.0219	1.0186	1.0185	1.0184	1.0188	1.0202	1.0195	1.0215	1.0219	1.0213	1.0494	1.0676	1.0196	1.0218	1.0195	1.0339	1.0218	1.024	1.0195	1.5697	1.0213	1.0189	1.0184	1.0185	1.033	1.0187	1.0183	1.0184	1.024	1.0232	1.0187	1.0176	1.0227	1.6494	1.0282	1.0507	1.0189	1.0182	1.0237	1.0237	1.0219	1.019	1.0483	1.0205	1.0244	1.0383	1.018	1.0236	1.0732	1.0204	1.0181	1.0209	1.0185	1.0191	1.0206	1.0245	1.0209	1.0224	1.0182	1.0202	1.0373	1.0178	1.0203	1.0987	1.0814	1.0481	1.018	1.0246	1.0318	1.0162	1.0178	1.0288	1.0179	1.0179
  c	0.9886	0.988	1.0047	0.9875	0.9875	0.9963	1.0154	1.0425	0.9888	0.9984	0.9876	0.9893	0.998	0.9876	0.9876	1.0163	0.9875	0.9945	0.9875	0.9957	0.9893	0.9903	0.9901	1.0065	1.0036	0.9899	0.9884	0.9925	0.9882	0.9888	0.9924	0.9876	0.9898	1.0181	0	0.9903	0.9877	0.9896	0.9939	0.9917	0.988	0.9875	0.9876	0.9967	0.9883	0.999	0.9883	0.9887	0.9901	0.9886	0.9886	0.9879	0.9877	0.9876	0.9879	0.9878	0.9876	0.9876	0.9893	0.9884	0.991	0.9879	0.9877	0.9985	1.0209	0.9875	0.988	0.991	0.9876	0.9876	0.9876	0.988	0.9894	0.989	0.9906	0.991	0.9906	0.9897	0.9897	0.9888	0.9909	0.9887	0.9887	0.9909	0.9929	0.9887	0.9876	0.9905	0.988	0.9877	0.9876	1.0024	0.9879	0.9875	0.9875	0.9933	0.9923	0.988	0.9874	0.9919	0.9885	0.9919	0.9903	0.988	0.9877	0.9928	0.9928	0.9912	0.9882	1.0176	0.99	0.9937	0.9892	0.9877	0.9927	0.9927	0.9896	0.9876	0.9901	0.9877	0.9885	0.9889	0.9935	0.9901	0.9915	0.9875	0.9893	1.0061	0.9875	0.9898	0.9908	1.0497	1.5224	0.9878	0.9938	1.0006	0.9873	0.9875	0.9882	0.9875	0.9875
  d	0.9914	0.9909	1.0077	0.9903	0.9903	0.9992	1.0185	1.0457	0.9916	1.0013	0.9904	0.9922	1.0009	0.9904	0.9904	1.0262	0.9903	0.9974	0.9903	0.9987	0.9921	1.072	0.9929	1.0094	1.0065	0.9927	0.9913	1.0072	0.9911	0.9916	0.9953	0.9905	0.9928	1.0212	0.9903	0	0.9906	0.9924	0.9968	0.9946	0.9909	0.9903	0.9904	0.9996	0.9912	1.1264	0.9912	0.9916	0.9929	0.9915	0.9915	0.9907	0.9905	0.9904	0.9907	0.9907	0.9904	0.9904	0.9922	0.9913	0.9939	0.9907	0.9904	1.0015	1.0241	0.9903	0.9909	0.9939	0.9905	0.9905	0.9904	1.0279	0.9925	0.9919	1.1037	0.9938	0.9934	1.0285	0.9927	0.9916	0.9938	0.9916	0.9916	0.9938	0.9958	0.9916	0.9905	0.9934	0.9909	0.9905	0.9905	1.0053	0.9907	0.9903	0.9904	0.9962	0.9953	0.9946	0.9902	1.4106	0.9914	0.9948	0.9932	0.9909	0.9905	0.9957	0.9957	0.994	0.991	1.0207	0.9929	0.9965	0.992	0.9905	0.9956	1.1768	0.9925	0.9904	0.9929	0.9905	0.9929	0.9918	0.9964	0.9929	0.9944	0.9903	0.9922	1.0091	0.9903	0.9927	0.9937	1.0532	1.0201	0.9906	0.9967	1.0036	0.99	0.9903	0.9912	0.9903	0.9903
