{
  "generated_by": {
    "program": "augur",
    "version": "22.1.0"
  },
  "models": {
    "Country": {
      "alphabet": [
        "Australia",
        "Austria",
        "Belgium",
        "Brazil",
        "British Virgin Islands",
        "Bulgaria",
        "Canada",
        "China",
        "Cyprus",
        "Czech Republic",
        "France",
        "Germany",
        "Greece",
        "Hungary",
        "Iran",
        "Israel",
        "Italy",
        "Kenya",
        "Madagascar",
        "Mexico",
        "Morocco",
        "Namibia",
        "Netherlands",
        "Romania",
        "Russia",
        "Senegal",
        "Serbia",
        "Slovakia",
        "Slovenia",
        "South Africa",
        "Spain",
        "Turkey",
        "USA",
        "United Arab Emirates",
        "Zambia",
        "?"
      ],
      "equilibrium_probabilities": [
        0.029344089484100166,
        0.023991031371014767,
        0.028443916224109144,
        0.02819819966862588,
        0.029169400890592986,
        0.029078627621650015,
        0.015159657119710153,
        0.028783574591514417,
        0.02866750961680585,
        0.029768460290311,
        0.02806246215837057,
        0.03205193076760776,
        0.030818867581905923,
        0.027648043414850623,
        0.0286869726734496,
        0.027122091728576166,
        0.031155869925391735,
        0.029064818101308013,
        0.028724950689528562,
        0.02667114981773902,
        0.02829739168496168,
        0.02861342786155998,
        0.029188482396917393,
        0.02749204304534162,
        0.030332934029571344,
        0.026129043480271164,
        0.03168883170702346,
        0.029429527705072088,
        0.029583657473062575,
        0.030952138348717143,
        0.027071544071407876,
        0.029110828713396687,
        0.0333057882887188,
        0.02907789523978771,
        0.029114842217028265
      ],
      "rate": 60.851392049656184,
      "transition_matrix": [
        [
          0.0,
          0.9554914557598775,
          0.9585462374696818,
          0.9574608056257982,
          0.9576588438769609,
          0.9577675814352198,
          0.9534551540666866,
          0.9601797002740686,
          0.9640825430777665,
          0.9578242666746275,
          0.9574616291823959,
          0.9565518666474341,
          0.9573724358753211,
          0.9573656683725824,
          0.9582617995574318,
          0.9593260660998026,
          0.9560882912286433,
          0.9595225633356969,
          0.9614718466019186,
          0.9571197585318768,
          0.9576896911707328,
          0.9597208069453277,
          0.9574996487553277,
          0.9571893531550021,
          0.9629963187871099,
          1.492560394647152,
          0.9581842973333229,
          0.9577531584625325,
          0.9577771393876616,
          0.9924910798217018,
          0.9572025623299986,
          0.959520969123535,
          1.0200266176910355,
          0.9595937538932369,
          0.9597347914692869
        ],
        [
          0.9554914557598775,
          0.0,
          0.9493077823013578,
          0.9490336678293443,
          0.9489678232877696,
          0.9491602048909187,
          0.9488101223220339,
          0.9494810768995777,
          0.9518977308451833,
          2.3798890154878465,
          0.9489390816326962,
          4.421113811880881,
          0.9491791876076215,
          2.197635008213201,
          0.9493030960319908,
          0.9492740211654623,
          1.4216517013803018,
          0.9500896565715943,
          0.9507252191310755,
          0.949090706585632,
          0.9490267807105988,
          0.9495504316667512,
          1.4231103150079119,
          0.9490182234062816,
          0.9491110768032819,
          0.9541155702171974,
          1.4162993662147543,
          2.209780966804085,
          1.414794986503256,
          0.9599120115325777,
          0.9491493594702443,
          0.9500722316207869,
          0.9964445965645051,
          0.9501197774594472,
          0.9498674597588008
        ],
        [
          0.9585462374696818,
          0.9493077823013578,
          0.0,
          0.9505683938393592,
          0.9503502352827015,
          0.9504849948943226,
          0.9507260757449021,
          0.9514958447475735,
          0.953672311814021,
          0.9503582775506899,
          0.9504072252913024,
          0.9486384771537398,
          0.9496473582006136,
          0.9498832100001406,
          0.9507041985888434,
          1.1915216066399108,
          0.9481362476194871,
          0.951878311443037,
          0.952295324112777,
          0.9505889056914799,
          0.9505271263454453,
          0.9509394834879852,
          0.9501933022864639,
          0.9502691888298237,
          0.9517077564649292,
          1.0796587834375788,
          0.9501160990163492,
          0.95034910503348,
          0.9503504570496849,
          0.9626877053538456,
          0.9505870795380894,
          0.9518619849066758,
          1.203321494656678,
          0.9519268328586733,
          0.9515504376886939
        ],
        [
          0.9574608056257982,
          0.9490336678293443,
          0.9505683938393592,
          0.0,
          0.9500090736654404,
          0.9501444063614203,
          0.9508785156188075,
          0.9505844692371807,
          0.9533295480353418,
          0.9500097729929677,
          0.9499159319813445,
          0.9482805483762945,
          0.9492948955465157,
          0.9495649370469402,
          0.9503610718957148,
          0.950479566778411,
          0.947489963881844,
          0.9512952784137186,
          0.9519566688130006,
          1.2536770609653345,
          0.9500213166192344,
          0.9506062229961637,
          0.9498529670074742,
          0.9499440233214465,
          0.9501638018237201,
          0.9560146649059702,
          0.9497475505182819,
          0.9500050881983104,
          0.950004100794212,
          0.9622359981261386,
          1.313679464256325,
          0.951275650029719,
          1.5534883524583858,
          0.9513295957143794,
          0.9510335728210007
        ],
        [
          0.9576588438769609,
          0.9489678232877696,
          0.9503502352827015,
          0.9500090736654404,
          0.0,
          0.9501155542850129,
          1.424992305091499,
          0.9505662759428881,
          0.9534055458828133,
          0.9499749232399756,
          0.9498806379895176,
          0.9481873537144405,
          0.9492337904453567,
          0.9495186415656431,
          0.9503406649018056,
          0.9502483009103101,
          0.9471200905277898,
          0.9513023542322883,
          0.9519894217448174,
          0.9500252666277695,
          0.9499850319165121,
          0.9506001876879823,
          0.9498141730918132,
          0.9499107137897803,
          0.9501277988148185,
          0.9559187494281874,
          0.949698521637714,
          0.9499702643796492,
          0.9499693125161119,
          0.9625776136305682,
          0.9500876557375703,
          0.951281779238326,
          1.0093270490945292,
          0.9513374846239321,
          0.9510364640198153
        ],
        [
          0.9577675814352198,
          0.9491602048909187,
          0.9504849948943226,
          0.9501444063614203,
          0.9501155542850129,
          0.0,
          0.9493203343793833,
          0.9507032078244569,
          0.953530259328404,
          0.9501194754212483,
          0.9500161648182387,
          0.9483489534865808,
          1.2577109999956764,
          0.9540447698978581,
          0.9504778373802891,
          0.9503798506972204,
          0.9473564173739232,
          0.9514381893427323,
          0.9521199924741608,
          0.9501549389961507,
          0.950121976871302,
          0.9507330963747407,
          0.9499560791026336,
          0.9500452228915014,
          0.9502714913197436,
          0.9560249297113345,
          1.319235149539886,
          0.9501154068988564,
          0.9501517173137977,
          0.9626856244110368,
          0.9502164904192146,
          0.9514178510470922,
          1.008553334806672,
          0.9514732310117237,
          0.9511715470809915
        ],
        [
          0.9534551540666866,
          0.9488101223220339,
          0.9507260757449021,
          0.9508785156188075,
          1.424992305091499,
          0.9493203343793833,
          0.0,
          0.9496024276421158,
          0.9511077780479137,
          0.9492325551874581,
          0.9492141044390602,
          0.9482644640990706,
          0.9488346695167957,
          0.9490391155475595,
          0.9494511551876423,
          0.9501342330412599,
          0.9477316442699275,
          0.949965015237398,
          0.9503448795831495,
          0.9498196679280863,
          0.9492654305781671,
          0.9495979308283017,
          0.9491589121141941,
          0.9492402044991263,
          0.9493890051772244,
          0.9540518783389873,
          0.9490561828640675,
          0.9492373974828806,
          0.9492327476325261,
          0.9560625653176564,
          0.9504764014096478,
          0.9499549422391433,
          10.183942198873071,
          0.9499851162946806,
          0.9498229122392148
        ],
        [
          0.9601797002740686,
          0.9494810768995777,
          0.9514958447475735,
          0.9505844692371807,
          0.9505662759428881,
          0.9507032078244569,
          0.9496024276421158,
          0.0,
          0.953948571829593,
          0.9505796192055714,
          0.9507354111025974,
          0.9488518604029669,
          0.9498682786817408,
          0.9500912175458507,
          0.9515737071750368,
          0.9524186451363285,
          0.9487413211321453,
          0.9522811669988973,
          0.9525556495128213,
          0.9505752030857165,
          0.9508612797980861,
          0.9511616161934254,
          0.9504082059956916,
          0.9507295439602516,
          1.2617457765724405,
          1.1858054264067106,
          0.9503497673891823,
          0.9505684304266991,
          0.9505704482374393,
          0.9636405013670971,
          0.9506434955329536,
          0.9522669219942121,
          1.0095978772803396,
          0.9523401806912256,
          0.9519018187944774
        ],
        [
          0.9640825430777665,
          0.9518977308451833,
          0.953672311814021,
          0.9533295480353418,
          0.9534055458828133,
          0.953530259328404,
          0.9511077780479137,
          0.953948571829593,
          0.0,
          0.9534801562118396,
          0.9531798175064695,
          0.951973846974167,
          0.952901894660803,
          0.9541437682906028,
          0.9544181877734417,
          0.9534827890409607,
          0.9508473609375806,
          0.954699057160221,
          0.9691646094312272,
          0.9531841691507066,
          0.9533229461132471,
          0.9723815090515256,
          0.9532487817247196,
          0.9531761699517305,
          0.9552070863513565,
          0.9603465560330565,
          0.9535460085812705,
          0.953457687794655,
          0.9534598440685598,
          1.41602363815284,
          0.9532534001177452,
          0.9546775437311578,
          1.0119243774868776,
          0.954729359913055,
          0.9555973998512874
        ],
        [
          0.9578242666746275,
          2.3798890154878465,
          0.9503582775506899,
          0.9500097729929677,
          0.9499749232399756,
          0.9501194754212483,
          0.9492325551874581,
          0.9505796192055714,
          0.9534801562118396,
          0.0,
          0.9498798517011623,
          1.470815371705123,
          0.9492239704755068,
          0.9528198967000416,
          0.950349663410502,
          0.9502553258190443,
          0.9470781837664807,
          0.951331254977373,
          0.95203455028055,
          0.9500276370003328,
          0.949986399031626,
          0.9506150958172834,
          0.949829829358953,
          0.9499121455669133,
          0.9501327183086699,
          0.9560456798884449,
          0.9497661210477251,
          0.9515321080450768,
          0.9566792904754876,
          0.9628567465407389,
          0.9500904436357669,
          0.9513102538593639,
          1.0098340714966907,
          0.9513671439135903,
          0.9510596757374562
        ],
        [
          0.9574616291823959,
          0.9489390816326962,
          0.9504072252913024,
          0.9499159319813445,
          0.9498806379895176,
          0.9500161648182387,
          0.9492141044390602,
          0.9507354111025974,
          0.9531798175064695,
          0.9498798517011623,
          0.0,
          0.9481541773344958,
          0.9492634407799334,
          0.9495453155677448,
          0.9502340761296346,
          0.950374522442802,
          1.7775409909653286,
          0.9515995386117345,
          0.9518170847430688,
          0.9499357833267345,
          0.9609041270047658,
          0.9504827311663706,
          0.94972672618886,
          0.9498388860853777,
          0.9503392010852415,
          1.5539755591839806,
          0.9496102083704909,
          0.9498760201670543,
          0.9498749446774413,
          0.9620336215992829,
          0.9522024825752847,
          0.9516036208398415,
          1.0062438594943623,
          0.9516731994977722,
          0.9512445360815122
        ],
        [
          0.9565518666474341,
          4.421113811880881,
          0.9486384771537398,
          0.9482805483762945,
          0.9481873537144405,
          0.9483489534865808,
          0.9482644640990706,
          0.9488518604029669,
          0.951973846974167,
          1.470815371705123,
          0.9481541773344958,
          0.0,
          0.9474002656009656,
          1.9098630994437868,
          0.9486226294922653,
          0.9486111687074554,
          0.945080000446028,
          0.9496321433828248,
          0.9504479255305711,
          0.9483983851351454,
          0.9482533616709794,
          0.9489305793203591,
          0.9480464834085678,
          0.948227058860173,
          0.9482871188395151,
          0.9548579939573612,
          0.9486409454582173,
          1.4975739807650315,
          0.9488881448778529,
          0.9620572836108657,
          0.9484386307614219,
          0.9496064536336118,
          1.0123854143645281,
          0.9496690032910092,
          0.9493410816854992
        ],
        [
          0.9573724358753211,
          0.9491791876076215,
          0.9496473582006136,
          0.9492948955465157,
          0.9492337904453567,
          1.2577109999956764,
          0.9488346695167957,
          0.9498682786817408,
          0.952901894660803,
          0.9492239704755068,
          0.9492634407799334,
          0.9474002656009656,
          0.0,
          2.3498501568979253,
          0.9496445867231308,
          0.9495855642658411,
          1.2232582313286597,
          0.9506373881986602,
          0.951430357316234,
          0.9493546012715166,
          0.9493303195691267,
          0.9499459031300428,
          0.9490646421692606,
          0.949337037679248,
          0.9493918810432247,
          0.9557860053256862,
          1.251331712622907,
          0.9494203696515741,
          0.9492885300998654,
          0.9629549969826386,
          0.9495065996054495,
          0.9506144017529089,
          1.011124221711853,
          0.9506740454276872,
          0.9503539506597417
        ],
        [
          0.9573656683725824,
          2.197635008213201,
          0.9498832100001406,
          0.9495649370469402,
          0.9495186415656431,
          0.9540447698978581,
          0.9490391155475595,
          0.9500912175458507,
          0.9541437682906028,
          0.9528198967000416,
          0.9495453155677448,
          1.9098630994437868,
          2.3498501568979253,
          0.0,
          0.9504639323437514,
          0.9498207156013894,
          1.2076291786717854,
          0.9507783205774792,
          0.9537310192848882,
          0.949605640068026,
          0.9496001399134193,
          0.95457543824298,
          0.9494083836578964,
          1.424833819567241,
          0.9509785170794278,
          0.9556884190798819,
          4.406754364647131,
          1.7467701499475858,
          1.2099426872437293,
          1.4397882867418377,
          0.9497501368772289,
          0.9507574446925997,
          1.0047903883074474,
          0.9508107555407925,
          0.950691165755294
        ],
        [
          0.9582617995574318,
          0.9493030960319908,
          0.9507041985888434,
          0.9503610718957148,
          0.9503406649018056,
          0.9504778373802891,
          0.9494511551876423,
          0.9515737071750368,
          0.9544181877734417,
          0.950349663410502,
          0.9502340761296346,
          0.9486226294922653,
          0.9496445867231308,
          0.9504639323437514,
          0.0,
          0.9506016424895707,
          0.9480932346315526,
          0.9516435284377903,
          0.953568546682245,
          0.9503615994467366,
          0.9503411272767736,
          0.951501483593576,
          0.9501833095331627,
          1.072797814500244,
          1.9580971945051395,
          0.9572609642615025,
          0.9501367292229651,
          0.9503479458686066,
          0.9503440529595502,
          1.0951812743823706,
          0.9504222251787926,
          0.9516229435719415,
          1.0080425503002086,
          0.9516773578535243,
          0.95153571405932
        ],
        [
          0.9593260660998026,
          0.9492740211654623,
          1.1915216066399108,
          0.950479566778411,
          0.9502483009103101,
          0.9503798506972204,
          0.9501342330412599,
          0.9524186451363285,
          0.9534827890409607,
          0.9502553258190443,
          0.950374522442802,
          0.9486111687074554,
          0.9495855642658411,
          0.9498207156013894,
          0.9506016424895707,
          0.0,
          0.9700419040654116,
          0.9521990724070053,
          0.9521449121716854,
          0.9504229367958685,
          0.9635813309193866,
          0.9508304757204584,
          0.9500991198739804,
          0.9501880952225205,
          0.9534424440123184,
          1.6537373442732466,
          0.9500205248152623,
          0.9502483920374665,
          0.950248184131502,
          0.9623199409014356,
          0.9506514201334962,
          0.9522112825407232,
          1.5174951719089154,
          0.9522907748385727,
          0.9517792286926454
        ],
        [
          0.9560882912286433,
          1.4216517013803018,
          0.9481362476194871,
          0.947489963881844,
          0.9471200905277898,
          0.9473564173739232,
          0.9477316442699275,
          0.9487413211321453,
          0.9508473609375806,
          0.9470781837664807,
          1.7775409909653286,
          0.945080000446028,
          1.2232582313286597,
          1.2076291786717854,
          0.9480932346315526,
          0.9700419040654116,
          0.0,
          0.949996701236764,
          0.9493279896860681,
          0.9474216361021605,
          1.3393702932279197,
          0.9478506172870804,
          0.9469506085259872,
          1.4233548804537195,
          0.9502806184177403,
          2.66666145578831,
          0.948132831061329,
          0.9472507373492745,
          0.9471055227568067,
          0.9607245462663673,
          1.7468415647282676,
          0.9500510983222106,
          1.0099091215663845,
          0.950167698989714,
          0.949373922832419
        ],
        [
          0.9595225633356969,
          0.9500896565715943,
          0.951878311443037,
          0.9512952784137186,
          0.9513023542322883,
          0.9514381893427323,
          0.949965015237398,
          0.9522811669988973,
          0.954699057160221,
          0.951331254977373,
          0.9515995386117345,
          0.9496321433828248,
          0.9506373881986602,
          0.9507783205774792,
          0.9516435284377903,
          0.9521990724070053,
          0.949996701236764,
          0.0,
          0.9532817930056915,
          0.9512489628296725,
          0.9517397754065722,
          0.9518750359403313,
          0.9511427094484449,
          0.951166003288726,
          0.9520519145424919,
          1.2240289431128908,
          0.9511496485113567,
          0.9513117788742981,
          0.951317482095989,
          0.9646353480059189,
          0.9513272027756818,
          1.0245434184143756,
          1.0104367331462472,
          1.0334528655570956,
          1.3375454396557016
        ],
        [
          0.9614718466019186,
          0.9507252191310755,
          0.952295324112777,
          0.9519566688130006,
          0.9519894217448174,
          0.9521199924741608,
          0.9503448795831495,
          0.9525556495128213,
          0.9691646094312272,
          0.95203455028055,
          0.9518170847430688,
          0.9504479255305711,
          0.951430357316234,
          0.9537310192848882,
          0.953568546682245,
          0.9521449121716854,
          0.9493279896860681,
          0.9532817930056915,
          0.0,
          0.9518807110753665,
          0.9519440838666994,
          0.956365137263607,
          0.9518323083806405,
          0.9518649262973511,
          0.9552470249268582,
          0.9585459194515252,
          0.9520612093752313,
          0.9520415763325708,
          0.9520271493471504,
          1.407351600421336,
          0.951943460645403,
          0.9532605428480294,
          1.0102013437725839,
          0.9533134442053576,
          0.9538519483482842
        ],
        [
          0.9571197585318768,
          0.949090706585632,
          0.9505889056914799,
          1.2536770609653345,
          0.9500252666277695,
          0.9501549389961507,
          0.9498196679280863,
          0.9505752030857165,
          0.9531841691507066,
          0.9500276370003328,
          0.9499357833267345,
          0.9483983851351454,
          0.9493546012715166,
          0.949605640068026,
          0.9503615994467366,
          0.9504229367958685,
          0.9474216361021605,
          0.9512489628296725,
          0.9518807110753665,
          0.0,
          0.9500327090106675,
          0.9506001284985992,
          0.9498786241526959,
          0.9499622992464872,
          0.9501876751587371,
          0.9557664185987309,
          0.9497814431957305,
          0.9500228555037119,
          0.9500219147992897,
          0.9616541322349496,
          0.9505108548773442,
          0.951230683895037,
          1.8840803980114453,
          0.9512817852596367,
          0.951003689178325
        ],
        [
          0.9576896911707328,
          0.9490267807105988,
          0.9505271263454453,
          0.9500213166192344,
          0.9499850319165121,
          0.950121976871302,
          0.9492654305781671,
          0.9508612797980861,
          0.9533229461132471,
          0.949986399031626,
          0.9609041270047658,
          0.9482533616709794,
          0.9493303195691267,
          0.9496001399134193,
          0.9503411272767736,
          0.9635813309193866,
          1.3393702932279197,
          0.9517397754065722,
          0.9519440838666994,
          0.9500327090106675,
          0.0,
          0.9505930626311644,
          0.9498298458309304,
          0.9499471107514342,
          0.9504759344150764,
          1.5717390977088,
          0.9497208699379578,
          0.9499816279413411,
          0.9499807867820907,
          0.9623067275604303,
          0.9679220902514196,
          0.9517433310470633,
          1.0069132915997936,
          0.9518147314617577,
          0.951374651776238
        ],
        [
          0.9597208069453277,
          0.9495504316667512,
          0.9509394834879852,
          0.9506062229961637,
          0.9506001876879823,
          0.9507330963747407,
          0.9495979308283017,
          0.9511616161934254,
          0.9723815090515256,
          0.9506150958172834,
          0.9504827311663706,
          0.9489305793203591,
          0.9499459031300428,
          0.95457543824298,
          0.951501483593576,
          0.9508304757204584,
          0.9478506172870804,
          0.9518750359403313,
          0.956365137263607,
          0.9506001284985992,
          0.9505930626311644,
          0.0,
          0.9504433872031905,
          0.9505260472691723,
          0.9518349449443033,
          0.9571099643527395,
          0.9505014789940439,
          0.9506268928361937,
          0.950613192841992,
          1.9055753247993537,
          0.9506550940857718,
          0.9518533525148966,
          1.0081746675686838,
          0.9519067877965043,
          0.952070109756408
        ],
        [
          0.9574996487553277,
          1.4231103150079119,
          0.9501933022864639,
          0.9498529670074742,
          0.9498141730918132,
          0.9499560791026336,
          0.9491589121141941,
          0.9504082059956916,
          0.9532487817247196,
          0.949829829358953,
          0.94972672618886,
          0.9480464834085678,
          0.9490646421692606,
          0.9494083836578964,
          0.9501833095331627,
          0.9500991198739804,
          0.9469506085259872,
          0.9511427094484449,
          0.9518323083806405,
          0.9498786241526959,
          0.9498298458309304,
          0.9504433872031905,
          0.0,
          0.94975991819413,
          0.9499608400924702,
          0.9557744348504306,
          0.9495290597195101,
          0.9498473887007073,
          0.949810215168322,
          0.9624105569870485,
          0.9499380132869699,
          0.9511218754238195,
          1.0083938769317577,
          0.9511777562748585,
          0.9508765934958558
        ],
        [
          0.9571893531550021,
          0.9490182234062816,
          0.9502691888298237,
          0.9499440233214465,
          0.9499107137897803,
          0.9500452228915014,
          0.9492402044991263,
          0.9507295439602516,
          0.9531761699517305,
          0.9499121455669133,
          0.9498388860853777,
          0.948227058860173,
          0.949337037679248,
          1.424833819567241,
          1.072797814500244,
          0.9501880952225205,
          1.4233548804537195,
          0.951166003288726,
          0.9518649262973511,
          0.9499622992464872,
          0.9499471107514342,
          0.9505260472691723,
          0.94975991819413,
          0.0,
          1.3772472673765532,
          0.9559567492631686,
          0.9496648728790864,
          0.9499419305522833,
          0.9499079466670785,
          0.9636235632088546,
          0.9500399359596905,
          0.9511463716755205,
          1.0049388514378665,
          0.9511989881146663,
          0.9509177457799884
        ],
        [
          0.9629963187871099,
          0.9491110768032819,
          0.9517077564649292,
          0.9501638018237201,
          0.9501277988148185,
          0.9502714913197436,
          0.9493890051772244,
          1.2617457765724405,
          0.9552070863513565,
          0.9501327183086699,
          0.9503392010852415,
          0.9482871188395151,
          0.9493918810432247,
          0.9509785170794278,
          1.9580971945051395,
          0.9534424440123184,
          0.9502806184177403,
          0.9520519145424919,
          0.9552470249268582,
          0.9501876751587371,
          0.9504759344150764,
          0.9518349449443033,
          0.9499608400924702,
          1.3772472673765532,
          0.0,
          1.34985841999054,
          0.9499355537162802,
          0.9501429321257623,
          0.9501313761524373,
          1.3132912272301567,
          0.9502460760172047,
          0.9520415463266608,
          1.0135750424760626,
          0.9521239532158067,
          0.9518655495727696
        ],
        [
          1.492560394647152,
          0.9541155702171974,
          1.0796587834375788,
          0.9560146649059702,
          0.9559187494281874,
          0.9560249297113345,
          0.9540518783389873,
          1.1858054264067106,
          0.9603465560330565,
          0.9560456798884449,
          1.5539755591839806,
          0.9548579939573612,
          0.9557860053256862,
          0.9556884190798819,
          0.9572609642615025,
          1.6537373442732466,
          2.66666145578831,
          1.2240289431128908,
          0.9585459194515252,
          0.9557664185987309,
          1.5717390977088,
          0.9571099643527395,
          0.9557744348504306,
          0.9559567492631686,
          1.34985841999054,
          0.0,
          0.956259389695543,
          0.9559839575882283,
          0.9560054928218579,
          0.9786504164581098,
          1.0945878687931883,
          1.2003800615657694,
          1.2086833044187846,
          1.221428298459584,
          1.111990595637591
        ],
        [
          0.9581842973333229,
          1.4162993662147543,
          0.9501160990163492,
          0.9497475505182819,
          0.949698521637714,
          1.319235149539886,
          0.9490561828640675,
          0.9503497673891823,
          0.9535460085812705,
          0.9497661210477251,
          0.9496102083704909,
          0.9486409454582173,
          1.251331712622907,
          4.406754364647131,
          0.9501367292229651,
          0.9500205248152623,
          0.948132831061329,
          0.9511496485113567,
          0.9520612093752313,
          0.9497814431957305,
          0.9497208699379578,
          0.9505014789940439,
          0.9495290597195101,
          0.9496648728790864,
          0.9499355537162802,
          0.956259389695543,
          0.0,
          0.9502043826475856,
          1.1677330552313807,
          0.9646692920612555,
          0.9498457753254487,
          0.9511270177087902,
          1.0136056176024981,
          0.9511881162365486,
          0.9508627185560317
        ],
        [
          0.9577531584625325,
          2.209780966804085,
          0.95034910503348,
          0.9500050881983104,
          0.9499702643796492,
          0.9501154068988564,
          0.9492373974828806,
          0.9505684304266991,
          0.953457687794655,
          0.9515321080450768,
          0.9498760201670543,
          1.4975739807650315,
          0.9494203696515741,
          1.7467701499475858,
          0.9503479458686066,
          0.9502483920374665,
          0.9472507373492745,
          0.9513117788742981,
          0.9520415763325708,
          0.9500228555037119,
          0.9499816279413411,
          0.9506268928361937,
          0.9498473887007073,
          0.9499419305522833,
          0.9501429321257623,
          0.9559839575882283,
          0.9502043826475856,
          0.0,
          0.9511271294506275,
          0.9629697533079528,
          0.9500843550191316,
          0.9512910514085039,
          1.0091095685090645,
          0.9513473217712745,
          0.951043164542478
        ],
        [
          0.9577771393876616,
          1.414794986503256,
          0.9503504570496849,
          0.950004100794212,
          0.9499693125161119,
          0.9501517173137977,
          0.9492327476325261,
          0.9505704482374393,
          0.9534598440685598,
          0.9566792904754876,
          0.9498749446774413,
          0.9488881448778529,
          0.9492885300998654,
          1.2099426872437293,
          0.9503440529595502,
          0.950248184131502,
          0.9471055227568067,
          0.951317482095989,
          0.9520271493471504,
          0.9500219147992897,
          0.9499807867820907,
          0.950613192841992,
          0.949810215168322,
          0.9499079466670785,
          0.9501313761524373,
          0.9560054928218579,
          1.1677330552313807,
          0.9511271294506275,
          0.0,
          0.9628408910450125,
          0.9500843479590515,
          0.9512966232791887,
          1.0094337293609998,
          0.9513531684175638,
          0.9510478479480794
        ],
        [
          0.9924910798217018,
          0.9599120115325777,
          0.9626877053538456,
          0.9622359981261386,
          0.9625776136305682,
          0.9626856244110368,
          0.9560625653176564,
          0.9636405013670971,
          1.41602363815284,
          0.9628567465407389,
          0.9620336215992829,
          0.9620572836108657,
          0.9629549969826386,
          1.4397882867418377,
          1.0951812743823706,
          0.9623199409014356,
          0.9607245462663673,
          0.9646353480059189,
          1.407351600421336,
          0.9616541322349496,
          0.9623067275604303,
          1.9055753247993537,
          0.9624105569870485,
          0.9636235632088546,
          1.3132912272301567,
          0.9786504164581098,
          0.9646692920612555,
          0.9629697533079528,
          0.9628408910450125,
          0.0,
          0.9617512941432513,
          0.9643501484902992,
          1.0288366573614807,
          0.9644236608973664,
          1.4463539176027638
        ],
        [
          0.9572025623299986,
          0.9491493594702443,
          0.9505870795380894,
          1.313679464256325,
          0.9500876557375703,
          0.9502164904192146,
          0.9504764014096478,
          0.9506434955329536,
          0.9532534001177452,
          0.9500904436357669,
          0.9522024825752847,
          0.9484386307614219,
          0.9495065996054495,
          0.9497501368772289,
          0.9504222251787926,
          0.9506514201334962,
          1.7468415647282676,
          0.9513272027756818,
          0.951943460645403,
          0.9505108548773442,
          0.9679220902514196,
          0.9506550940857718,
          0.9499380132869699,
          0.9500399359596905,
          0.9502460760172047,
          1.0945878687931883,
          0.9498457753254487,
          0.9500843550191316,
          0.9500843479590515,
          0.9617512941432513,
          0.0,
          0.9513077457117355,
          1.4464124686657267,
          0.9513597166444441,
          0.951074847419372
        ],
        [
          0.959520969123535,
          0.9500722316207869,
          0.9518619849066758,
          0.951275650029719,
          0.951281779238326,
          0.9514178510470922,
          0.9499549422391433,
          0.9522669219942121,
          0.9546775437311578,
          0.9513102538593639,
          0.9516036208398415,
          0.9496064536336118,
          0.9506144017529089,
          0.9507574446925997,
          0.9516229435719415,
          0.9522112825407232,
          0.9500510983222106,
          1.0245434184143756,
          0.9532605428480294,
          0.951230683895037,
          0.9517433310470633,
          0.9518533525148966,
          0.9511218754238195,
          0.9511463716755205,
          0.9520415463266608,
          1.2003800615657694,
          0.9511270177087902,
          0.9512910514085039,
          0.9512966232791887,
          0.9643501484902992,
          0.9513077457117355,
          0.0,
          1.010499810362487,
          1.2107703402025016,
          0.9898974847949863
        ],
        [
          1.0200266176910355,
          0.9964445965645051,
          1.203321494656678,
          1.5534883524583858,
          1.0093270490945292,
          1.008553334806672,
          10.183942198873071,
          1.0095978772803396,
          1.0119243774868776,
          1.0098340714966907,
          1.0062438594943623,
          1.0123854143645281,
          1.011124221711853,
          1.0047903883074474,
          1.0080425503002086,
          1.5174951719089154,
          1.0099091215663845,
          1.0104367331462472,
          1.0102013437725839,
          1.8840803980114453,
          1.0069132915997936,
          1.0081746675686838,
          1.0083938769317577,
          1.0049388514378665,
          1.0135750424760626,
          1.2086833044187846,
          1.0136056176024981,
          1.0091095685090645,
          1.0094337293609998,
          1.0288366573614807,
          1.4464124686657267,
          1.010499810362487,
          0.0,
          1.0105228150939913,
          1.010088243694453
        ],
        [
          0.9595937538932369,
          0.9501197774594472,
          0.9519268328586733,
          0.9513295957143794,
          0.9513374846239321,
          0.9514732310117237,
          0.9499851162946806,
          0.9523401806912256,
          0.954729359913055,
          0.9513671439135903,
          0.9516731994977722,
          0.9496690032910092,
          0.9506740454276872,
          0.9508107555407925,
          0.9516773578535243,
          0.9522907748385727,
          0.950167698989714,
          1.0334528655570956,
          0.9533134442053576,
          0.9512817852596367,
          0.9518147314617577,
          0.9519067877965043,
          0.9511777562748585,
          0.9511989881146663,
          0.9521239532158067,
          1.221428298459584,
          0.9511881162365486,
          0.9513473217712745,
          0.9513531684175638,
          0.9644236608973664,
          0.9513597166444441,
          1.2107703402025016,
          1.0105228150939913,
          0.0,
          0.9950574495474847
        ],
        [
          0.9597347914692869,
          0.9498674597588008,
          0.9515504376886939,
          0.9510335728210007,
          0.9510364640198153,
          0.9511715470809915,
          0.9498229122392148,
          0.9519018187944774,
          0.9555973998512874,
          0.9510596757374562,
          0.9512445360815122,
          0.9493410816854992,
          0.9503539506597417,
          0.950691165755294,
          0.95153571405932,
          0.9517792286926454,
          0.949373922832419,
          1.3375454396557016,
          0.9538519483482842,
          0.951003689178325,
          0.951374651776238,
          0.952070109756408,
          0.9508765934958558,
          0.9509177457799884,
          0.9518655495727696,
          1.111990595637591,
          0.9508627185560317,
          0.951043164542478,
          0.9510478479480794,
          1.4463539176027638,
          0.951074847419372,
          0.9898974847949863,
          1.010088243694453,
          0.9950574495474847,
          0.0
        ]
      ]
    },
    "Division": {
      "alphabet": [
        "AZ",
        "Abaiara, Ceara",
        "Albany Co., NY",
        "Alpine,California",
        "Astrakhan",
        "Astrakhan region",
        "Bakersfield,California",
        "Barkedji region",
        "Bekescsaba",
        "Belgrade",
        "Broome Co., NY",
        "Budapest",
        "California",
        "Campania",
        "Campania region",
        "Connecticut",
        "Cuidad Juarez, Chihuahua State",
        "Curug",
        "Dagestan",
        "Debrecen",
        "Del_Mar,California",
        "Denton Co. TX",
        "Dunaujvaros",
        "Emilia Romagna",
        "Emilia-Romagna region",
        "Enisala",
        "Enying",
        "Erie Co., NY",
        "Escondido,California",
        "Espirito Santo state, Joao Neiva municipality",
        "Finley,California",
        "Florida",
        "Fort Bend Co. TX",
        "Fresno,California",
        "Friuli Venezia Giulia",
        "GA",
        "GA, Chattron County",
        "GA, Lowndes County",
        "Gulf of Carpentaria, Queensland",
        "Hajduszoboszlo",
        "Hallett, South Australia",
        "Harris Co., Texas",
        "ID",
        "Ijara, North Eastern Province",
        "Illinois",
